BATTERY,12,99.999624,2336.000000,,
BATTERY,12,99.999624,2336.000000,,
BATTERY,12,99.999299,4353.000000,,
BATTERY,12,99.999299,4353.000000,,
BATTERY,12,99.999020,6082.000000,,
BATTERY,12,99.998288,7651.000000,,
BATTERY,12,99.996628,17957.000000,,
BATTERY,12,99.996628,17957.000000,,
BATTERY,12,99.994362,32016.000000,,
BATTERY,12,99.994362,32016.000000,,
BATTERY,12,99.994290,32465.000000,,
BATTERY,12,99.993558,34034.000000,,
BATTERY,12,99.993147,36585.000000,,
BATTERY,12,99.993147,36585.000000,,
BATTERY,12,99.993126,36714.000000,,
BATTERY,12,99.992334,38411.000000,,
BATTERY,12,99.992040,40235.000000,,
BATTERY,12,99.992040,40235.000000,,
BATTERY,12,99.991731,42155.000000,,
BATTERY,12,99.991731,42155.000000,,
BATTERY,12,99.991437,43980.000000,,
BATTERY,12,99.991437,43980.000000,,
BATTERY,12,99.991076,46220.000000,,
BATTERY,12,99.991076,46220.000000,,
BATTERY,12,99.990731,48365.000000,,
BATTERY,12,99.990731,48365.000000,,
BATTERY,12,99.990380,50543.000000,,
BATTERY,12,99.990380,50543.000000,,
BATTERY,12,99.989204,57841.000000,,
BATTERY,12,99.989204,57841.000000,,
BATTERY,12,99.988580,61714.000000,,
BATTERY,12,99.988580,61714.000000,,
BATTERY,12,99.988513,62130.000000,,
BATTERY,12,99.987760,63602.000000,,
BATTERY,12,99.987760,63602.000000,,
BATTERY,12,99.987581,63987.000000,,
BATTERY,12,99.987307,65684.000000,,
BATTERY,12,99.985709,69109.000000,,
BATTERY,12,99.985362,71264.800000,,
BATTERY,12,99.983763,74689.800000,,
BATTERY,12,99.983733,74880.800000,,
BATTERY,12,99.983634,75072.800000,,
BATTERY,12,99.983162,78006.000000,,
BATTERY,12,99.983162,78006.000000,,
BATTERY,12,99.909861,532976.000000,,
BATTERY,12,99.909861,532976.000000,,
BATTERY,12,99.909209,537021.000000,,
BATTERY,12,99.909209,537021.000000,,
BATTERY,12,99.908761,539806.000000,,
BATTERY,12,99.908761,539806.000000,,
BATTERY,12,99.908688,540255.000000,,
BATTERY,12,99.907897,541952.000000,,
BATTERY,12,99.907500,544416.000000,,
BATTERY,12,99.907500,544416.000000,,
BATTERY,12,99.906999,547521.000000,,
BATTERY,12,99.906999,547521.000000,,
BATTERY,12,99.906339,551619.000000,,
BATTERY,12,99.906339,551619.000000,,
BATTERY,12,99.905524,556677.000000,,
BATTERY,12,99.905524,556677.000000,,
BATTERY,12,99.833976,1000768.000000,,
BATTERY,12,99.832378,1004193.000000,,
BATTERY,12,99.832347,1004384.000000,,
BATTERY,12,99.832249,1004576.000000,,
BATTERY,12,99.824497,1052690.000000,,
BATTERY,12,99.824497,1052690.000000,,
BATTERY,12,99.822528,1064911.000000,,
BATTERY,12,99.822528,1064911.000000,,
BATTERY,12,99.815361,1109397.000000,,
BATTERY,12,99.815361,1109397.000000,,
BATTERY,12,99.811094,1135884.000000,,
BATTERY,12,99.811094,1135884.000000,,
BATTERY,12,99.747221,1532336.000000,,
BATTERY,12,99.747221,1532336.000000,,
BATTERY,12,99.746172,1538847.000000,,
BATTERY,12,99.746172,1538847.000000,,
BATTERY,12,99.745878,1540672.000000,,
BATTERY,12,99.745878,1540672.000000,,
BATTERY,12,99.745670,1541962.000000,,
BATTERY,12,99.744878,1543659.000000,,
BATTERY,12,99.744565,1545602.000000,,
BATTERY,12,99.744565,1545602.000000,,
BATTERY,12,99.744256,1547522.000000,,
BATTERY,12,99.744256,1547522.000000,,
BATTERY,12,99.729865,1636844.000000,,
BATTERY,12,99.729865,1636844.000000,,
BATTERY,12,99.670408,2005888.000000,,
BATTERY,12,99.668810,2009313.000000,,
BATTERY,12,99.668779,2009504.000000,,
BATTERY,12,99.668681,2009696.000000,,
BATTERY,12,99.567846,2635564.000000,,
BATTERY,12,99.567846,2635564.000000,,
BATTERY,12,99.567187,2639655.000000,,
BATTERY,12,99.567187,2639655.000000,,
BATTERY,12,99.566824,2641910.000000,,
BATTERY,12,99.566824,2641910.000000,,
BATTERY,12,99.566700,2642679.000000,,
BATTERY,12,99.565908,2644376.000000,,
BATTERY,12,99.564903,2650612.000000,,
BATTERY,12,99.564903,2650612.000000,,
BATTERY,12,99.507097,3009408.000000,,
BATTERY,12,99.505499,3012833.000000,,
BATTERY,12,99.505468,3013024.000000,,
BATTERY,12,99.505370,3013216.000000,,
BATTERY,12,99.345749,4003968.000000,,
BATTERY,12,99.344151,4007393.000000,,
BATTERY,12,99.344120,4007584.000000,,
BATTERY,12,99.344022,4007776.000000,,
BATTERY,12,99.242620,4637164.000000,,
BATTERY,12,99.242620,4637164.000000,,
BATTERY,12,99.240928,4647671.000000,,
BATTERY,12,99.240928,4647671.000000,,
BATTERY,12,99.240453,4650618.000000,,
BATTERY,12,99.240453,4650618.000000,,
BATTERY,12,99.240174,4652347.000000,,
BATTERY,12,99.239382,4654044.000000,,
BATTERY,12,99.183367,5001728.000000,,
BATTERY,12,99.181768,5005153.000000,,
BATTERY,12,99.181737,5005344.000000,,
BATTERY,12,99.181639,5005536.000000,,
BATTERY,12,99.147909,5214894.000000,,
BATTERY,12,99.147909,5214894.000000,,
BATTERY,12,99.146363,5224491.000000,,
BATTERY,12,99.146363,5224491.000000,,
BATTERY,12,99.146049,5226444.000000,,
BATTERY,12,99.146049,5226444.000000,,
BATTERY,12,99.019781,6010176.000000,,
BATTERY,12,99.018182,6013601.000000,,
BATTERY,12,99.018152,6013792.000000,,
BATTERY,12,99.018053,6013984.000000,,
BATTERY,12,98.858381,7005056.000000,,
BATTERY,12,98.856782,7008481.000000,,
BATTERY,12,98.856752,7008672.000000,,
BATTERY,12,98.856653,7008864.000000,,
BATTERY,12,98.696898,8000448.000000,,
BATTERY,12,98.695300,8003873.000000,,
BATTERY,12,98.695269,8004064.000000,,
BATTERY,12,98.695171,8004256.000000,,
BATTERY,12,98.534467,9001728.000000,,
BATTERY,12,98.532869,9005153.000000,,
BATTERY,12,98.532838,9005344.000000,,
BATTERY,12,98.532740,9005536.000000,,
BATTERY,12,98.487841,9284220.000000,,
BATTERY,12,98.487841,9284220.000000,,
BATTERY,12,98.486441,9292910.000000,,
BATTERY,12,98.485724,9294447.000000,,
BATTERY,12,98.485693,9294638.000000,,
BATTERY,12,98.485595,9294830.000000,,
BATTERY,12,98.485388,9296111.000000,,
BATTERY,12,98.484358,9298127.000000,,
BATTERY,12,98.484358,9298127.000000,,
BATTERY,12,98.484178,9298512.000000,,
BATTERY,12,98.483797,9300880.000000,,
BATTERY,12,98.482766,9303089.000000,,
BATTERY,12,98.482735,9303280.000000,,
BATTERY,12,98.482637,9303472.000000,,
BATTERY,12,98.482121,9306673.000000,,
BATTERY,12,98.481156,9308561.000000,,
BATTERY,12,98.481156,9308561.000000,,
BATTERY,12,98.480977,9308946.000000,,
BATTERY,12,98.480873,9309586.000000,,
BATTERY,12,98.478927,9313394.000000,,
BATTERY,12,98.478927,9313394.000000,,
BATTERY,12,98.478747,9313779.000000,,
BATTERY,12,98.478418,9315827.000000,,
BATTERY,12,98.477446,9317908.000000,,
BATTERY,12,98.477416,9318099.000000,,
BATTERY,12,98.477317,9318291.000000,,
BATTERY,12,98.477142,9319380.000000,,
BATTERY,12,98.475350,9323221.000000,,
BATTERY,12,98.475319,9323412.000000,,
BATTERY,12,98.475221,9323604.000000,,
BATTERY,12,98.474911,9325525.000000,,
BATTERY,12,98.473946,9327413.000000,,
BATTERY,12,98.473946,9327413.000000,,
BATTERY,12,98.473767,9327798.000000,,
BATTERY,12,98.365395,10000448.000000,,
BATTERY,12,98.363976,10003489.000000,,
BATTERY,12,98.363945,10003680.000000,,
BATTERY,12,98.363847,10003872.000000,,
BATTERY,12,98.220693,10892416.000000,,
BATTERY,12,98.220693,10892416.000000,,
BATTERY,12,98.219497,10899836.000000,,
BATTERY,12,98.219497,10899836.000000,,
BATTERY,12,98.219131,10902109.000000,,
BATTERY,12,98.219131,10902109.000000,,
BATTERY,12,98.202514,11005248.000000,,
BATTERY,12,98.201095,11008289.000000,,
BATTERY,12,98.201064,11008480.000000,,
BATTERY,12,98.200966,11008672.000000,,
BATTERY,12,98.041077,12001088.000000,,
BATTERY,12,98.039658,12004129.000000,,
BATTERY,12,98.039627,12004320.000000,,
BATTERY,12,98.039529,12004512.000000,,
BATTERY,12,97.878248,13005568.000000,,
BATTERY,12,97.876829,13008609.000000,,
BATTERY,12,97.876798,13008800.000000,,
BATTERY,12,97.876700,13008992.000000,,
BATTERY,12,97.716656,14002368.000000,,
BATTERY,12,97.715237,14005409.000000,,
BATTERY,12,97.714992,14006924.800000,,
BATTERY,12,97.713573,14009965.800000,,
BATTERY,12,97.713543,14010156.800000,,
BATTERY,12,97.713444,14010348.800000,,
BATTERY,12,97.553238,15004736.000000,,
BATTERY,12,97.551818,15007777.000000,,
BATTERY,12,97.551788,15007968.000000,,
BATTERY,12,97.551690,15008160.000000,,
BATTERY,12,97.391048,16005248.000000,,
BATTERY,12,97.389628,16008289.000000,,
BATTERY,12,97.389598,16008480.000000,,
BATTERY,12,97.389500,16008672.000000,,
BATTERY,12,97.229713,17000448.000000,,
BATTERY,12,97.228294,17003489.000000,,
BATTERY,12,97.228263,17003680.000000,,
BATTERY,12,97.228165,17003872.000000,,
BATTERY,12,97.065987,18010496.000000,,
BATTERY,12,97.064568,18013537.000000,,
BATTERY,12,97.064537,18013728.000000,,
BATTERY,12,97.064439,18013920.000000,,
BATTERY,12,96.904519,19006528.000000,,
BATTERY,12,96.903100,19009569.000000,,
BATTERY,12,96.902855,19011084.800000,,
BATTERY,12,96.901436,19014125.800000,,
BATTERY,12,96.901406,19014316.800000,,
BATTERY,12,96.901307,19014508.800000,,
BATTERY,12,96.741513,20006336.000000,,
BATTERY,12,96.740094,20009377.000000,,
BATTERY,12,96.739798,20011212.800000,,
BATTERY,12,96.738379,20014253.800000,,
BATTERY,12,96.738348,20014444.800000,,
BATTERY,12,96.738250,20014636.800000,,
BATTERY,12,96.579425,21000448.000000,,
BATTERY,12,96.578006,21003489.000000,,
BATTERY,12,96.577975,21003680.000000,,
BATTERY,12,96.577877,21003872.000000,,
BATTERY,12,96.417060,22002048.000000,,
BATTERY,12,96.415641,22005089.000000,,
BATTERY,12,96.415396,22006604.800000,,
BATTERY,12,96.413977,22009645.800000,,
BATTERY,12,96.413946,22009836.800000,,
BATTERY,12,96.413848,22010028.800000,,
BATTERY,12,96.254281,23000448.000000,,
BATTERY,12,96.252862,23003489.000000,,
BATTERY,12,96.252831,23003680.000000,,
BATTERY,12,96.252733,23003872.000000,,
BATTERY,12,96.092122,24000768.000000,,
BATTERY,12,96.090703,24003809.000000,,
BATTERY,12,96.090672,24004000.000000,,
BATTERY,12,96.090574,24004192.000000,,
BATTERY,12,95.929963,25001088.000000,,
BATTERY,12,95.928544,25004129.000000,,
BATTERY,12,95.928513,25004320.000000,,
BATTERY,12,95.928415,25004512.000000,,
BATTERY,12,95.768010,26000128.000000,,
BATTERY,12,95.766591,26003169.000000,,
BATTERY,12,95.766560,26003360.000000,,
BATTERY,12,95.766462,26003552.000000,,
BATTERY,12,95.605181,27004608.000000,,
BATTERY,12,95.603761,27007649.000000,,
BATTERY,12,95.603731,27007840.000000,,
BATTERY,12,95.603632,27008032.000000,,
BATTERY,12,95.441093,28016896.000000,,
BATTERY,12,95.439674,28019937.000000,,
BATTERY,12,95.439643,28020128.000000,,
BATTERY,12,95.439545,28020320.000000,,
BATTERY,12,95.281687,29000128.000000,,
BATTERY,12,95.280268,29003169.000000,,
BATTERY,12,95.280237,29003360.000000,,
BATTERY,12,95.280139,29003552.000000,,
BATTERY,12,95.119580,30000128.000000,,
BATTERY,12,95.118161,30003169.000000,,
BATTERY,12,95.118130,30003360.000000,,
BATTERY,12,95.118032,30003552.000000,,
BATTERY,12,94.957163,31002048.000000,,
BATTERY,12,94.955744,31005089.000000,,
BATTERY,12,94.955713,31005280.000000,,
BATTERY,12,94.955615,31005472.000000,,
BATTERY,12,94.795313,32000448.000000,,
BATTERY,12,94.793894,32003489.000000,,
BATTERY,12,94.793863,32003680.000000,,
BATTERY,12,94.793765,32003872.000000,,
BATTERY,12,94.792294,32013004.800000,,
BATTERY,12,94.790875,32016045.800000,,
BATTERY,12,94.790630,32017561.600000,,
BATTERY,12,94.789211,32020602.600000,,
BATTERY,12,94.789181,32020793.600000,,
BATTERY,12,94.789082,32020985.600000,,
BATTERY,12,94.630610,33004608.000000,,
BATTERY,12,94.629191,33007649.000000,,
BATTERY,12,94.629160,33007840.000000,,
BATTERY,12,94.629062,33008032.000000,,
BATTERY,12,94.468399,34005248.000000,,
BATTERY,12,94.466980,34008289.000000,,
BATTERY,12,94.466427,34011724.800000,,
BATTERY,12,94.465007,34014765.800000,,
BATTERY,12,94.464977,34014956.800000,,
BATTERY,12,94.464879,34015148.800000,,
BATTERY,12,94.305414,35004928.000000,,
BATTERY,12,94.303995,35007969.000000,,
BATTERY,12,94.303964,35008160.000000,,
BATTERY,12,94.303866,35008352.000000,,
BATTERY,12,94.142358,36010816.000000,,
BATTERY,12,94.140939,36013857.000000,,
BATTERY,12,94.140908,36014048.000000,,
BATTERY,12,94.140810,36014240.000000,,
BATTERY,12,93.980560,37008896.000000,,
BATTERY,12,93.979141,37011937.000000,,
BATTERY,12,93.979110,37012128.000000,,
BATTERY,12,93.979012,37012320.000000,,
BATTERY,12,93.817370,38015616.000000,,
BATTERY,12,93.815951,38018657.000000,,
BATTERY,12,93.815920,38018848.000000,,
BATTERY,12,93.815822,38019040.000000,,
BATTERY,12,93.657397,39002368.000000,,
BATTERY,12,93.655977,39005409.000000,,
BATTERY,12,93.655475,39008524.800000,,
BATTERY,12,93.654056,39011565.800000,,
BATTERY,12,93.652554,39020889.600000,,
BATTERY,12,93.651135,39023930.600000,,
BATTERY,12,93.651104,39024121.600000,,
BATTERY,12,93.651006,39024313.600000,,
BATTERY,12,93.493688,40000768.000000,,
BATTERY,12,93.492269,40003809.000000,,
BATTERY,12,93.491819,40006604.800000,,
BATTERY,12,93.490400,40009645.800000,,
BATTERY,12,93.490369,40009836.800000,,
BATTERY,12,93.490271,40010028.800000,,
BATTERY,12,93.329342,41008896.000000,,
BATTERY,12,93.327923,41011937.000000,,
BATTERY,12,93.327892,41012128.000000,,
BATTERY,12,93.327794,41012320.000000,,
BATTERY,12,93.168544,42000768.000000,,
BATTERY,12,93.167125,42003809.000000,,
BATTERY,12,93.167094,42004000.000000,,
BATTERY,12,93.166996,42004192.000000,,
BATTERY,12,93.006488,43000448.000000,,
BATTERY,12,93.005069,43003489.000000,,
BATTERY,12,93.005038,43003680.000000,,
BATTERY,12,93.004940,43003872.000000,,
BATTERY,12,92.842762,44010496.000000,,
BATTERY,12,92.841343,44013537.000000,,
BATTERY,12,92.841312,44013728.000000,,
BATTERY,12,92.841214,44013920.000000,,
BATTERY,12,92.680830,45009408.000000,,
BATTERY,12,92.679411,45012449.000000,,
BATTERY,12,92.679380,45012640.000000,,
BATTERY,12,92.679282,45012832.000000,,
BATTERY,12,92.517433,46017408.000000,,
BATTERY,12,92.516014,46020449.000000,,
BATTERY,12,92.515983,46020640.000000,,
BATTERY,12,92.515885,46020832.000000,,
BATTERY,12,92.358110,47000128.000000,,
BATTERY,12,92.356691,47003169.000000,,
BATTERY,12,92.356660,47003360.000000,,
BATTERY,12,92.356562,47003552.000000,,
BATTERY,12,92.195281,48004608.000000,,
BATTERY,12,92.193861,48007649.000000,,
BATTERY,12,92.193831,48007840.000000,,
BATTERY,12,92.193733,48008032.000000,,
BATTERY,12,92.033379,49003328.000000,,
BATTERY,12,92.031960,49006369.000000,,
BATTERY,12,92.031200,49011084.800000,,
BATTERY,12,92.029781,49014125.800000,,
BATTERY,12,92.029750,49014316.800000,,
BATTERY,12,92.029652,49014508.800000,,
BATTERY,12,91.869157,50010688.000000,,
BATTERY,12,91.867738,50013729.000000,,
BATTERY,12,91.867707,50013920.000000,,
BATTERY,12,91.867609,50014112.000000,,
BATTERY,12,91.708544,51001408.000000,,
BATTERY,12,91.707125,51004449.000000,,
BATTERY,12,91.707094,51004640.000000,,
BATTERY,12,91.706996,51004832.000000,,
BATTERY,12,91.545715,52005888.000000,,
BATTERY,12,91.544296,52008929.000000,,
BATTERY,12,91.544265,52009120.000000,,
BATTERY,12,91.544167,52009312.000000,,
BATTERY,12,91.384432,53000768.000000,,
BATTERY,12,91.383013,53003809.000000,,
BATTERY,12,91.382769,53005324.800000,,
BATTERY,12,91.381350,53008365.800000,,
BATTERY,12,91.380003,53016729.600000,,
BATTERY,12,91.378583,53019770.600000,,
BATTERY,12,91.378553,53019961.600000,,
BATTERY,12,91.378454,53020153.600000,,
BATTERY,12,91.220467,54000768.000000,,
BATTERY,12,91.219047,54003809.000000,,
BATTERY,12,91.219017,54004000.000000,,
BATTERY,12,91.218919,54004192.000000,,
BATTERY,12,91.058308,55001088.000000,,
BATTERY,12,91.056888,55004129.000000,,
BATTERY,12,91.056858,55004320.000000,,
BATTERY,12,91.056760,55004512.000000,,
BATTERY,12,90.895324,56006528.000000,,
BATTERY,12,90.893904,56009569.000000,,
BATTERY,12,90.893874,56009760.000000,,
BATTERY,12,90.893776,56009952.000000,,
BATTERY,12,90.732391,57011648.000000,,
BATTERY,12,90.730972,57014689.000000,,
BATTERY,12,90.730941,57014880.000000,,
BATTERY,12,90.730843,57015072.000000,,
BATTERY,12,90.571243,58005696.000000,,
BATTERY,12,90.569823,58008737.000000,,
BATTERY,12,90.569793,58008928.000000,,
BATTERY,12,90.569695,58009120.000000,,
BATTERY,12,90.409723,59002048.000000,,
BATTERY,12,90.408304,59005089.000000,,
BATTERY,12,90.407853,59007884.800000,,
BATTERY,12,90.406434,59010925.800000,,
BATTERY,12,90.406403,59011116.800000,,
BATTERY,12,90.406305,59011308.800000,,
BATTERY,12,90.245964,60006528.000000,,
BATTERY,12,90.244545,60009569.000000,,
BATTERY,12,90.244514,60009760.000000,,
BATTERY,12,90.244416,60009952.000000,,
BATTERY,12,90.084888,61000128.000000,,
BATTERY,12,90.083469,61003169.000000,,
BATTERY,12,90.083438,61003360.000000,,
BATTERY,12,90.083340,61003552.000000,,
BATTERY,12,89.920873,62011968.000000,,
BATTERY,12,89.919454,62015009.000000,,
BATTERY,12,89.919423,62015200.000000,,
BATTERY,12,89.919325,62015392.000000,,
BATTERY,12,89.759023,63010368.000000,,
BATTERY,12,89.757604,63013409.000000,,
BATTERY,12,89.757573,63013600.000000,,
BATTERY,12,89.757475,63013792.000000,,
BATTERY,12,89.598514,64000448.000000,,
BATTERY,12,89.597095,64003489.000000,,
BATTERY,12,89.597064,64003680.000000,,
BATTERY,12,89.596966,64003872.000000,,
BATTERY,12,89.435736,65004608.000000,,
BATTERY,12,89.434317,65007649.000000,,
BATTERY,12,89.433918,65010124.800000,,
BATTERY,12,89.432499,65013165.800000,,
BATTERY,12,89.432468,65013356.800000,,
BATTERY,12,89.432370,65013548.800000,,
BATTERY,12,89.273215,66001408.000000,,
BATTERY,12,89.271796,66004449.000000,,
BATTERY,12,89.271765,66004640.000000,,
BATTERY,12,89.271667,66004832.000000,,
BATTERY,12,89.111211,67000768.000000,,
BATTERY,12,89.109792,67003809.000000,,
BATTERY,12,89.109761,67004000.000000,,
BATTERY,12,89.109663,67004192.000000,,
BATTERY,12,89.109171,67007244.800000,,
BATTERY,12,89.107752,67010285.800000,,
BATTERY,12,89.107721,67010476.800000,,
BATTERY,12,89.107623,67010668.800000,,
BATTERY,12,88.948107,68000768.000000,,
BATTERY,12,88.946688,68003809.000000,,
BATTERY,12,88.946657,68004000.000000,,
BATTERY,12,88.946559,68004192.000000,,
BATTERY,12,88.785484,69003968.000000,,
BATTERY,12,88.784065,69007009.000000,,
BATTERY,12,88.783820,69008524.800000,,
BATTERY,12,88.782401,69011565.800000,,
BATTERY,12,88.780332,69024409.600000,,
BATTERY,12,88.778913,69027450.600000,,
BATTERY,12,88.778882,69027641.600000,,
BATTERY,12,88.778784,69027833.600000,,
BATTERY,12,88.621260,70005568.000000,,
BATTERY,12,88.619841,70008609.000000,,
BATTERY,12,88.619810,70008800.000000,,
BATTERY,12,88.619712,70008992.000000,,
BATTERY,12,88.459132,71005696.000000,,
BATTERY,12,88.457713,71008737.000000,,
BATTERY,12,88.457682,71008928.000000,,
BATTERY,12,88.457584,71009120.000000,,
BATTERY,12,88.294529,72021184.000000,,
BATTERY,12,88.293110,72024225.000000,,
BATTERY,12,88.293079,72024416.000000,,
BATTERY,12,88.292981,72024608.000000,,
BATTERY,12,88.135762,73000448.000000,,
BATTERY,12,88.134343,73003489.000000,,
BATTERY,12,88.134312,73003680.000000,,
BATTERY,12,88.134214,73003872.000000,,
BATTERY,12,87.972366,74008448.000000,,
BATTERY,12,87.970947,74011489.000000,,
BATTERY,12,87.970916,74011680.000000,,
BATTERY,12,87.970818,74011872.000000,,
BATTERY,12,87.811444,75001088.000000,,
BATTERY,12,87.810025,75004129.000000,,
BATTERY,12,87.809994,75004320.000000,,
BATTERY,12,87.809896,75004512.000000,,
BATTERY,12,87.809404,75007564.800000,,
BATTERY,12,87.807985,75010605.800000,,
BATTERY,12,87.807954,75010796.800000,,
BATTERY,12,87.807856,75010988.800000,,
BATTERY,12,87.647361,76007168.000000,,
BATTERY,12,87.645942,76010209.000000,,
BATTERY,12,87.645911,76010400.000000,,
BATTERY,12,87.645813,76010592.000000,,
BATTERY,12,87.486336,77000448.000000,,
BATTERY,12,87.484917,77003489.000000,,
BATTERY,12,87.484886,77003680.000000,,
BATTERY,12,87.484788,77003872.000000,,
BATTERY,12,87.323589,78004416.000000,,
BATTERY,12,87.322170,78007457.000000,,
BATTERY,12,87.322139,78007648.000000,,
BATTERY,12,87.322041,78007840.000000,,
BATTERY,12,87.161348,79005248.000000,,
BATTERY,12,87.159928,79008289.000000,,
BATTERY,12,87.159898,79008480.000000,,
BATTERY,12,87.159800,79008672.000000,,
BATTERY,12,86.998364,80010688.000000,,
BATTERY,12,86.996945,80013729.000000,,
BATTERY,12,86.996914,80013920.000000,,
BATTERY,12,86.996816,80014112.000000,,
BATTERY,12,86.675970,82005568.000000,,
BATTERY,12,86.674551,82008609.000000,,
BATTERY,12,86.674520,82008800.000000,,
BATTERY,12,86.674422,82008992.000000,,
BATTERY,12,86.512986,83011008.000000,,
BATTERY,12,86.511567,83014049.000000,,
BATTERY,12,86.511536,83014240.000000,,
BATTERY,12,86.511438,83014432.000000,,
BATTERY,12,86.351631,84006336.000000,,
BATTERY,12,86.350212,84009377.000000,,
BATTERY,12,86.350181,84009568.000000,,
BATTERY,12,86.350083,84009760.000000,,
BATTERY,12,86.189833,85004416.000000,,
BATTERY,12,86.188414,85007457.000000,,
BATTERY,12,86.188383,85007648.000000,,
BATTERY,12,86.188285,85007840.000000,,
BATTERY,12,86.028416,86000128.000000,,
BATTERY,12,86.026997,86003169.000000,,
BATTERY,12,86.026966,86003360.000000,,
BATTERY,12,86.026868,86003552.000000,,
BATTERY,12,85.866154,87001088.000000,,
BATTERY,12,85.864735,87004129.000000,,
BATTERY,12,85.864542,87005324.800000,,
BATTERY,12,85.863123,87008365.800000,,
BATTERY,12,85.863092,87008556.800000,,
BATTERY,12,85.862994,87008748.800000,,
BATTERY,12,85.703169,88000768.000000,,
BATTERY,12,85.701750,88003809.000000,,
BATTERY,12,85.701719,88004000.000000,,
BATTERY,12,85.701621,88004192.000000,,
BATTERY,12,85.538999,89013568.000000,,
BATTERY,12,85.537580,89016609.000000,,
BATTERY,12,85.537549,89016800.000000,,
BATTERY,12,85.537451,89016992.000000,,
BATTERY,12,85.379006,90000448.000000,,
BATTERY,12,85.377586,90003489.000000,,
BATTERY,12,85.377556,90003680.000000,,
BATTERY,12,85.377458,90003872.000000,,
BATTERY,12,85.216950,91000128.000000,,
BATTERY,12,85.215531,91003169.000000,,
BATTERY,12,85.215500,91003360.000000,,
BATTERY,12,85.215402,91003552.000000,,
BATTERY,12,85.052007,92017728.000000,,
BATTERY,12,85.050587,92020769.000000,,
BATTERY,12,85.050557,92020960.000000,,
BATTERY,12,85.050459,92021152.000000,,
BATTERY,12,84.890600,93013376.000000,,
BATTERY,12,84.889181,93016417.000000,,
BATTERY,12,84.889150,93016608.000000,,
BATTERY,12,84.889052,93016800.000000,,
BATTERY,12,84.730576,94000448.000000,,
BATTERY,12,84.729156,94003489.000000,,
BATTERY,12,84.729126,94003680.000000,,
BATTERY,12,84.729028,94003872.000000,,
BATTERY,12,84.565973,95015936.000000,,
BATTERY,12,84.564554,95018977.000000,,
BATTERY,12,84.564523,95019168.000000,,
BATTERY,12,84.564425,95019360.000000,,
BATTERY,12,84.404556,96011648.000000,,
BATTERY,12,84.403137,96014689.000000,,
BATTERY,12,84.403106,96014880.000000,,
BATTERY,12,84.403008,96015072.000000,,
BATTERY,12,84.243944,97002368.000000,,
BATTERY,12,84.242525,97005409.000000,,
BATTERY,12,84.242074,97008204.800000,,
BATTERY,12,84.240655,97011245.800000,,
BATTERY,12,84.240624,97011436.800000,,
BATTERY,12,84.240526,97011628.800000,,
BATTERY,12,84.081113,98001088.000000,,
BATTERY,12,84.079694,98004129.000000,,
BATTERY,12,84.079663,98004320.000000,,
BATTERY,12,84.079565,98004512.000000,,
BATTERY,12,83.918109,99006656.000000,,
BATTERY,12,83.916690,99009697.000000,,
BATTERY,12,83.916659,99009888.000000,,
BATTERY,12,83.916561,99010080.000000,,
BATTERY,12,83.756950,100000768.000000,,
BATTERY,12,83.755531,100003809.000000,,
BATTERY,12,83.755500,100004000.000000,,
BATTERY,12,83.755402,100004192.000000,,
BATTERY,12,83.594739,101001408.000000,,
BATTERY,12,83.593320,101004449.000000,,
BATTERY,12,83.593289,101004640.000000,,
BATTERY,12,83.593191,101004832.000000,,
BATTERY,12,83.592545,101008844.800000,,
BATTERY,12,83.591125,101011885.800000,,
BATTERY,12,83.591095,101012076.800000,,
BATTERY,12,83.590997,101012268.800000,,
BATTERY,12,83.431223,102003968.000000,,
BATTERY,12,83.429804,102007009.000000,,
BATTERY,12,83.429773,102007200.000000,,
BATTERY,12,83.429675,102007392.000000,,
BATTERY,12,83.269425,103002048.000000,,
BATTERY,12,83.268006,103005089.000000,,
BATTERY,12,83.267975,103005280.000000,,
BATTERY,12,83.267877,103005472.000000,,
BATTERY,12,83.106080,104009728.000000,,
BATTERY,12,83.104661,104012769.000000,,
BATTERY,12,83.104630,104012960.000000,,
BATTERY,12,83.104532,104013152.000000,,
BATTERY,12,82.945519,105000128.000000,,
BATTERY,12,82.944100,105003169.000000,,
BATTERY,12,82.944069,105003360.000000,,
BATTERY,12,82.943971,105003552.000000,,
BATTERY,12,82.783102,106002048.000000,,
BATTERY,12,82.781683,106005089.000000,,
BATTERY,12,82.779067,106021324.800000,,
BATTERY,12,82.777648,106024365.800000,,
BATTERY,12,82.777617,106024556.800000,,
BATTERY,12,82.777519,106024748.800000,,
BATTERY,12,82.620117,107001728.000000,,
BATTERY,12,82.618698,107004769.000000,,
BATTERY,12,82.618402,107006604.800000,,
BATTERY,12,82.616983,107009645.800000,,
BATTERY,12,82.616952,107009836.800000,,
BATTERY,12,82.616854,107010028.800000,,
BATTERY,12,82.457235,108000768.000000,,
BATTERY,12,82.455816,108003809.000000,,
BATTERY,12,82.455785,108004000.000000,,
BATTERY,12,82.455687,108004192.000000,,
BATTERY,12,82.295179,109000448.000000,,
BATTERY,12,82.293760,109003489.000000,,
BATTERY,12,82.293729,109003680.000000,,
BATTERY,12,82.293631,109003872.000000,,
BATTERY,12,82.130628,110015616.000000,,
BATTERY,12,82.129209,110018657.000000,,
BATTERY,12,82.129178,110018848.000000,,
BATTERY,12,82.129080,110019040.000000,,
BATTERY,12,81.970294,111004608.000000,,
BATTERY,12,81.968875,111007649.000000,,
BATTERY,12,81.968844,111007840.000000,,
BATTERY,12,81.968746,111008032.000000,,
BATTERY,12,81.808908,112000128.000000,,
BATTERY,12,81.807489,112003169.000000,,
BATTERY,12,81.806987,112006284.800000,,
BATTERY,12,81.805568,112009325.800000,,
BATTERY,12,81.805537,112009516.800000,,
BATTERY,12,81.805439,112009708.800000,,
BATTERY,12,81.645820,113000448.000000,,
BATTERY,12,81.644401,113003489.000000,,
BATTERY,12,81.644370,113003680.000000,,
BATTERY,12,81.644272,113003872.000000,,
BATTERY,12,81.481733,114012736.000000,,
BATTERY,12,81.480313,114015777.000000,,
BATTERY,12,81.480283,114015968.000000,,
BATTERY,12,81.480185,114016160.000000,,
BATTERY,12,81.320986,115004288.000000,,
BATTERY,12,81.319567,115007329.000000,,
BATTERY,12,81.319536,115007520.000000,,
BATTERY,12,81.319438,115007712.000000,,
BATTERY,12,81.159497,116000448.000000,,
BATTERY,12,81.158078,116003489.000000,,
BATTERY,12,81.158047,116003680.000000,,
BATTERY,12,81.157949,116003872.000000,,
BATTERY,12,80.997390,117000448.000000,,
BATTERY,12,80.995971,117003489.000000,,
BATTERY,12,80.995940,117003680.000000,,
BATTERY,12,80.995842,117003872.000000,,
BATTERY,12,80.835128,118001408.000000,,
BATTERY,12,80.833708,118004449.000000,,
BATTERY,12,80.833678,118004640.000000,,
BATTERY,12,80.833580,118004832.000000,,
BATTERY,12,80.673072,119001088.000000,,
BATTERY,12,80.671653,119004129.000000,,
BATTERY,12,80.671622,119004320.000000,,
BATTERY,12,80.671524,119004512.000000,,
BATTERY,12,80.670258,119012364.800000,,
BATTERY,12,80.668839,119015405.800000,,
BATTERY,12,80.668809,119015596.800000,,
BATTERY,12,80.668710,119015788.800000,,
BATTERY,12,80.509349,120004928.000000,,
BATTERY,12,80.507930,120007969.000000,,
BATTERY,12,80.507899,120008160.000000,,
BATTERY,12,80.507801,120008352.000000,,
BATTERY,12,80.347242,121004928.000000,,
BATTERY,12,80.345822,121007969.000000,,
BATTERY,12,80.345792,121008160.000000,,
BATTERY,12,80.345694,121008352.000000,,
BATTERY,12,80.185856,122000448.000000,,
BATTERY,12,80.184437,122003489.000000,,
BATTERY,12,80.184406,122003680.000000,,
BATTERY,12,80.184308,122003872.000000,,
BATTERY,12,80.022923,123005568.000000,,
BATTERY,12,80.021504,123008609.000000,,
BATTERY,12,80.021474,123008800.000000,,
BATTERY,12,80.021375,123008992.000000,,
BATTERY,12,79.861589,124000768.000000,,
BATTERY,12,79.860170,124003809.000000,,
BATTERY,12,79.860139,124004000.000000,,
BATTERY,12,79.860041,124004192.000000,,
BATTERY,12,79.699533,125000448.000000,,
BATTERY,12,79.698114,125003489.000000,,
BATTERY,12,79.698083,125003680.000000,,
BATTERY,12,79.697985,125003872.000000,,
BATTERY,12,79.536632,126005376.000000,,
BATTERY,12,79.535213,126008417.000000,,
BATTERY,12,79.535182,126008608.000000,,
BATTERY,12,79.535084,126008800.000000,,
BATTERY,12,79.373411,127012288.000000,,
BATTERY,12,79.371992,127015329.000000,,
BATTERY,12,79.371961,127015520.000000,,
BATTERY,12,79.371863,127015712.000000,,
BATTERY,12,79.212437,128005248.000000,,
BATTERY,12,79.211018,128008289.000000,,
BATTERY,12,79.210988,128008480.000000,,
BATTERY,12,79.210889,128008672.000000,,
BATTERY,12,79.051103,129000448.000000,,
BATTERY,12,79.049684,129003489.000000,,
BATTERY,12,78.889115,130000128.000000,,
BATTERY,12,78.887695,130003169.000000,,
BATTERY,12,78.887665,130003360.000000,,
BATTERY,12,78.887567,130003552.000000,,
BATTERY,12,78.887443,130004321.000000,,
BATTERY,12,78.886023,130007362.000000,,
BATTERY,12,78.885993,130007553.000000,,
BATTERY,12,78.885895,130007745.000000,,
BATTERY,12,78.725856,131001088.000000,,
BATTERY,12,78.724437,131004129.000000,,
BATTERY,12,78.724406,131004320.000000,,
BATTERY,12,78.724308,131004512.000000,,
BATTERY,12,78.563800,132000768.000000,,
BATTERY,12,78.562381,132003809.000000,,
BATTERY,12,78.562350,132004000.000000,,
BATTERY,12,78.562252,132004192.000000,,
BATTERY,12,78.401589,133001408.000000,,
BATTERY,12,78.400170,133004449.000000,,
BATTERY,12,78.400140,133004640.000000,,
BATTERY,12,78.400041,133004832.000000,,
BATTERY,12,78.239688,134000128.000000,,
BATTERY,12,78.238269,134003169.000000,,
BATTERY,12,78.238025,134004684.800000,,
BATTERY,12,78.236606,134007725.800000,,
BATTERY,12,78.236575,134007916.800000,,
BATTERY,12,78.236477,134008108.800000,,
BATTERY,12,78.076084,135003648.000000,,
BATTERY,12,78.074665,135006689.000000,,
BATTERY,12,78.073957,135011084.800000,,
BATTERY,12,78.072538,135014125.800000,,
BATTERY,12,78.072507,135014316.800000,,
BATTERY,12,78.072409,135014508.800000,,
BATTERY,12,77.912068,136009728.000000,,
BATTERY,12,77.910649,136012769.000000,,
BATTERY,12,77.910618,136012960.000000,,
BATTERY,12,77.910520,136013152.000000,,
BATTERY,12,77.751456,137000448.000000,,
BATTERY,12,77.750037,137003489.000000,,
BATTERY,12,77.750006,137003680.000000,,
BATTERY,12,77.749908,137003872.000000,,
BATTERY,12,77.588730,138004288.000000,,
BATTERY,12,77.587310,138007329.000000,,
BATTERY,12,77.587280,138007520.000000,,
BATTERY,12,77.587181,138007712.000000,,
BATTERY,12,77.427138,139001088.000000,,
BATTERY,12,77.425718,139004129.000000,,
BATTERY,12,77.425688,139004320.000000,,
BATTERY,12,77.425590,139004512.000000,,
BATTERY,12,77.265030,140001088.000000,,
BATTERY,12,77.263611,140004129.000000,,
BATTERY,12,77.263580,140004320.000000,,
BATTERY,12,77.263482,140004512.000000,,
BATTERY,12,77.102283,141005056.000000,,
BATTERY,12,77.100864,141008097.000000,,
BATTERY,12,77.100833,141008288.000000,,
BATTERY,12,77.100735,141008480.000000,,
BATTERY,12,76.940763,142001408.000000,,
BATTERY,12,76.939344,142004449.000000,,
BATTERY,12,76.939314,142004640.000000,,
BATTERY,12,76.939215,142004832.000000,,
BATTERY,12,76.778604,143001728.000000,,
BATTERY,12,76.777185,143004769.000000,,
BATTERY,12,76.777155,143004960.000000,,
BATTERY,12,76.777056,143005152.000000,,
BATTERY,12,76.615311,144009088.000000,,
BATTERY,12,76.613892,144012129.000000,,
BATTERY,12,76.613861,144012320.000000,,
BATTERY,12,76.613763,144012512.000000,,
BATTERY,12,76.454647,145000128.000000,,
BATTERY,12,76.453228,145003169.000000,,
BATTERY,12,76.453197,145003360.000000,,
BATTERY,12,76.453099,145003552.000000,,
BATTERY,12,76.450494,145019724.800000,,
BATTERY,12,76.449074,145022765.800000,,
BATTERY,12,76.448727,145024921.600000,,
BATTERY,12,76.447308,145027962.600000,,
BATTERY,12,76.447277,145028153.600000,,
BATTERY,12,76.447179,145028345.600000,,
BATTERY,12,76.290614,146000128.000000,,
BATTERY,12,76.289195,146003169.000000,,
BATTERY,12,76.289164,146003360.000000,,
BATTERY,12,76.289066,146003552.000000,,
BATTERY,12,76.126011,147015616.000000,,
BATTERY,12,76.124592,147018657.000000,,
BATTERY,12,76.124561,147018848.000000,,
BATTERY,12,76.124463,147019040.000000,,
BATTERY,12,75.963873,148015808.000000,,
BATTERY,12,75.962454,148018849.000000,,
BATTERY,12,75.962423,148019040.000000,,
BATTERY,12,75.962325,148019232.000000,,
BATTERY,12,75.801796,149015616.000000,,
BATTERY,12,75.800377,149018657.000000,,
BATTERY,12,75.800346,149018848.000000,,
BATTERY,12,75.800248,149019040.000000,,
BATTERY,12,75.641308,150005568.000000,,
BATTERY,12,75.639888,150008609.000000,,
BATTERY,12,75.639335,150012044.800000,,
BATTERY,12,75.637916,150015085.800000,,
BATTERY,12,75.637885,150015276.800000,,
BATTERY,12,75.637787,150015468.800000,,
BATTERY,12,75.479096,151000448.000000,,
BATTERY,12,75.477677,151003489.000000,,
BATTERY,12,75.477646,151003680.000000,,
BATTERY,12,75.477548,151003872.000000,,
BATTERY,12,75.316349,152004416.000000,,
BATTERY,12,75.314930,152007457.000000,,
BATTERY,12,75.314899,152007648.000000,,
BATTERY,12,75.314801,152007840.000000,,
BATTERY,12,75.154932,153000128.000000,,
BATTERY,12,75.153513,153003169.000000,,
BATTERY,12,75.153482,153003360.000000,,
BATTERY,12,75.153384,153003552.000000,,
BATTERY,12,75.152892,153006604.800000,,
BATTERY,12,75.151473,153009645.800000,,
BATTERY,12,75.151443,153009836.800000,,
BATTERY,12,75.151344,153010028.800000,,
BATTERY,12,75.150853,153013081.600000,,
BATTERY,12,75.149433,153016122.600000,,
BATTERY,12,75.149403,153016313.600000,,
BATTERY,12,75.149305,153016505.600000,,
BATTERY,12,74.988615,154013888.000000,,
BATTERY,12,74.987196,154016929.000000,,
BATTERY,12,74.987165,154017120.000000,,
BATTERY,12,74.987067,154017312.000000,,
BATTERY,12,74.828157,155003648.000000,,
BATTERY,12,74.826738,155006689.000000,,
BATTERY,12,74.825824,155012364.800000,,
BATTERY,12,74.824405,155015405.800000,,
BATTERY,12,74.823593,155020441.600000,,
BATTERY,12,74.822174,155023482.600000,,
BATTERY,12,74.822144,155023673.600000,,
BATTERY,12,74.822045,155023865.600000,,
BATTERY,12,74.664037,156004608.000000,,
BATTERY,12,74.662618,156007649.000000,,
BATTERY,12,74.662587,156007840.000000,,
BATTERY,12,74.662489,156008032.000000,,
BATTERY,12,74.502393,157001728.000000,,
BATTERY,12,74.500974,157004769.000000,,
BATTERY,12,74.500943,157004960.000000,,
BATTERY,12,74.500845,157005152.000000,,
BATTERY,12,74.340544,158000128.000000,,
BATTERY,12,74.339125,158003169.000000,,
BATTERY,12,74.339094,158003360.000000,,
BATTERY,12,74.338996,158003552.000000,,
BATTERY,12,74.337782,158011084.800000,,
BATTERY,12,74.336363,158014125.800000,,
BATTERY,12,74.336332,158014316.800000,,
BATTERY,12,74.336234,158014508.800000,,
BATTERY,12,74.176821,159003968.000000,,
BATTERY,12,74.175402,159007009.000000,,
BATTERY,12,74.175371,159007200.000000,,
BATTERY,12,74.175273,159007392.000000,,
BATTERY,12,74.015229,160000768.000000,,
BATTERY,12,74.013810,160003809.000000,,
BATTERY,12,74.013779,160004000.000000,,
BATTERY,12,74.013681,160004192.000000,,
BATTERY,12,73.853019,161001408.000000,,
BATTERY,12,73.851599,161004449.000000,,
BATTERY,12,73.851569,161004640.000000,,
BATTERY,12,73.851470,161004832.000000,,
BATTERY,12,73.690963,162001088.000000,,
BATTERY,12,73.689543,162004129.000000,,
BATTERY,12,73.689513,162004320.000000,,
BATTERY,12,73.689415,162004512.000000,,
BATTERY,12,73.528700,163002048.000000,,
BATTERY,12,73.527281,163005089.000000,,
BATTERY,12,73.527250,163005280.000000,,
BATTERY,12,73.527152,163005472.000000,,
BATTERY,12,73.366077,164005248.000000,,
BATTERY,12,73.364658,164008289.000000,,
BATTERY,12,73.364627,164008480.000000,,
BATTERY,12,73.364529,164008672.000000,,
BATTERY,12,73.202526,165014208.000000,,
BATTERY,12,73.201107,165017249.000000,,
BATTERY,12,73.201076,165017440.000000,,
BATTERY,12,73.200978,165017632.000000,,
BATTERY,12,73.041862,166005248.000000,,
BATTERY,12,73.040443,166008289.000000,,
BATTERY,12,73.040412,166008480.000000,,
BATTERY,12,73.040314,166008672.000000,,
BATTERY,12,72.879497,167006848.000000,,
BATTERY,12,72.878078,167009889.000000,,
BATTERY,12,72.877627,167012684.800000,,
BATTERY,12,72.876208,167015725.800000,,
BATTERY,12,72.876178,167015916.800000,,
BATTERY,12,72.876079,167016108.800000,,
BATTERY,12,72.715378,168013568.000000,,
BATTERY,12,72.713959,168016609.000000,,
BATTERY,12,72.713928,168016800.000000,,
BATTERY,12,72.713830,168016992.000000,,
BATTERY,12,72.553940,169009408.000000,,
BATTERY,12,72.552521,169012449.000000,,
BATTERY,12,72.552490,169012640.000000,,
BATTERY,12,72.552392,169012832.000000,,
BATTERY,12,72.393019,170002048.000000,,
BATTERY,12,72.391600,170005089.000000,,
BATTERY,12,72.389602,170017484.800000,,
BATTERY,12,72.388183,170020525.800000,,
BATTERY,12,72.388153,170020716.800000,,
BATTERY,12,72.388054,170020908.800000,,
BATTERY,12,72.230034,171001728.000000,,
BATTERY,12,72.228614,171004769.000000,,
BATTERY,12,72.228584,171004960.000000,,
BATTERY,12,72.228485,171005152.000000,,
BATTERY,12,72.067514,172004288.000000,,
BATTERY,12,72.066094,172007329.000000,,
BATTERY,12,72.066064,172007520.000000,,
BATTERY,12,72.065966,172007712.000000,,
BATTERY,12,71.905355,173004608.000000,,
BATTERY,12,71.903935,173007649.000000,,
BATTERY,12,71.903905,173007840.000000,,
BATTERY,12,71.903806,173008032.000000,,
BATTERY,12,71.743866,174000768.000000,,
BATTERY,12,71.742447,174003809.000000,,
BATTERY,12,71.742416,174004000.000000,,
BATTERY,12,71.742318,174004192.000000,,
BATTERY,12,71.580964,175005696.000000,,
BATTERY,12,71.579545,175008737.000000,,
BATTERY,12,71.579514,175008928.000000,,
BATTERY,12,71.579416,175009120.000000,,
BATTERY,12,71.419599,176001088.000000,,
BATTERY,12,71.418180,176004129.000000,,
BATTERY,12,71.418149,176004320.000000,,
BATTERY,12,71.418051,176004512.000000,,
BATTERY,12,71.255893,177011008.000000,,
BATTERY,12,71.254474,177014049.000000,,
BATTERY,12,71.254443,177014240.000000,,
BATTERY,12,71.254345,177014432.000000,,
BATTERY,12,71.095436,178000768.000000,,
BATTERY,12,71.094017,178003809.000000,,
BATTERY,12,71.093986,178004000.000000,,
BATTERY,12,71.093888,178004192.000000,,
BATTERY,12,70.933431,179000128.000000,,
BATTERY,12,70.932012,179003169.000000,,
BATTERY,12,70.931981,179003360.000000,,
BATTERY,12,70.931883,179003552.000000,,
BATTERY,12,70.931391,179006604.800000,,
BATTERY,12,70.929972,179009645.800000,,
BATTERY,12,70.929941,179009836.800000,,
BATTERY,12,70.929843,179010028.800000,,
BATTERY,12,70.770327,180000128.000000,,
BATTERY,12,70.768908,180003169.000000,,
BATTERY,12,70.768877,180003360.000000,,
BATTERY,12,70.768779,180003552.000000,,
BATTERY,12,70.608168,181000448.000000,,
BATTERY,12,70.606749,181003489.000000,,
BATTERY,12,70.606718,181003680.000000,,
BATTERY,12,70.606620,181003872.000000,,
BATTERY,12,70.445958,182001088.000000,,
BATTERY,12,70.444539,182004129.000000,,
BATTERY,12,70.444294,182005644.800000,,
BATTERY,12,70.442875,182008685.800000,,
BATTERY,12,70.442844,182008876.800000,,
BATTERY,12,70.442746,182009068.800000,,
BATTERY,12,70.281220,183011648.000000,,
BATTERY,12,70.279801,183014689.000000,,
BATTERY,12,70.279770,183014880.000000,,
BATTERY,12,70.279672,183015072.000000,,
BATTERY,12,70.120349,184003968.000000,,
BATTERY,12,70.118930,184007009.000000,,
BATTERY,12,70.117758,184014284.800000,,
BATTERY,12,70.116339,184017325.800000,,
BATTERY,12,70.116308,184017516.800000,,
BATTERY,12,70.116210,184017708.800000,,
BATTERY,12,69.957828,185000768.000000,,
BATTERY,12,69.956409,185003809.000000,,
BATTERY,12,69.956378,185004000.000000,,
BATTERY,12,69.956280,185004192.000000,,
BATTERY,12,69.795772,186000448.000000,,
BATTERY,12,69.794353,186003489.000000,,
BATTERY,12,69.794322,186003680.000000,,
BATTERY,12,69.794224,186003872.000000,,
BATTERY,12,69.790639,186026124.800000,,
BATTERY,12,69.789220,186029165.800000,,
BATTERY,12,69.789189,186029356.800000,,
BATTERY,12,69.789091,186029548.800000,,
BATTERY,12,69.632514,187001408.000000,,
BATTERY,12,69.631095,187004449.000000,,
BATTERY,12,69.631064,187004640.000000,,
BATTERY,12,69.630966,187004832.000000,,
BATTERY,12,69.470355,188001728.000000,,
BATTERY,12,69.468936,188004769.000000,,
BATTERY,12,69.468537,188007244.800000,,
BATTERY,12,69.467118,188010285.800000,,
BATTERY,12,69.467087,188010476.800000,,
BATTERY,12,69.466989,188010668.800000,,
BATTERY,12,69.306545,189006528.000000,,
BATTERY,12,69.305126,189009569.000000,,
BATTERY,12,69.304830,189011404.800000,,
BATTERY,12,69.303411,189014445.800000,,
BATTERY,12,69.303380,189014636.800000,,
BATTERY,12,69.303282,189014828.800000,,
BATTERY,12,69.143869,190004288.000000,,
BATTERY,12,69.142450,190007329.000000,,
BATTERY,12,69.142419,190007520.000000,,
BATTERY,12,69.142321,190007712.000000,,
BATTERY,12,68.982380,191000448.000000,,
BATTERY,12,68.980961,191003489.000000,,
BATTERY,12,68.980930,191003680.000000,,
BATTERY,12,68.980832,191003872.000000,,
BATTERY,12,68.820118,192001408.000000,,
BATTERY,12,68.818699,192004449.000000,,
BATTERY,12,68.818668,192004640.000000,,
BATTERY,12,68.818570,192004832.000000,,
BATTERY,12,68.658114,193000768.000000,,
BATTERY,12,68.656694,193003809.000000,,
BATTERY,12,68.656664,193004000.000000,,
BATTERY,12,68.656565,193004192.000000,,
BATTERY,12,68.496058,194000448.000000,,
BATTERY,12,68.494638,194003489.000000,,
BATTERY,12,68.494608,194003680.000000,,
BATTERY,12,68.494510,194003872.000000,,
BATTERY,12,68.332950,195006656.000000,,
BATTERY,12,68.331531,195009697.000000,,
BATTERY,12,68.331500,195009888.000000,,
BATTERY,12,68.331402,195010080.000000,,
BATTERY,12,68.171791,196000768.000000,,
BATTERY,12,68.170372,196003809.000000,,
BATTERY,12,68.170341,196004000.000000,,
BATTERY,12,68.170243,196004192.000000,,
BATTERY,12,68.009787,197000128.000000,,
BATTERY,12,68.008367,197003169.000000,,
BATTERY,12,68.008337,197003360.000000,,
BATTERY,12,68.008239,197003552.000000,,
BATTERY,12,67.846803,198005568.000000,,
BATTERY,12,67.845384,198008609.000000,,
BATTERY,12,67.845353,198008800.000000,,
BATTERY,12,67.845255,198008992.000000,,
BATTERY,12,67.685314,199001728.000000,,
BATTERY,12,67.683895,199004769.000000,,
BATTERY,12,67.683864,199004960.000000,,
BATTERY,12,67.683766,199005152.000000,,
BATTERY,12,67.523258,200001408.000000,,
BATTERY,12,67.521839,200004449.000000,,
BATTERY,12,67.521808,200004640.000000,,
BATTERY,12,67.521710,200004832.000000,,
BATTERY,12,67.361099,201001728.000000,,
BATTERY,12,67.359680,201004769.000000,,
BATTERY,12,67.359126,201008204.800000,,
BATTERY,12,67.357707,201011245.800000,,
BATTERY,12,67.356720,201017369.600000,,
BATTERY,12,67.355301,201020410.600000,,
BATTERY,12,67.355270,201020601.600000,,
BATTERY,12,67.355172,201020793.600000,,
BATTERY,12,67.197391,202000128.000000,,
BATTERY,12,67.195972,202003169.000000,,
BATTERY,12,67.195941,202003360.000000,,
BATTERY,12,67.195843,202003552.000000,,
BATTERY,12,67.033180,203013184.000000,,
BATTERY,12,67.031761,203016225.000000,,
BATTERY,12,67.031730,203016416.000000,,
BATTERY,12,67.031632,203016608.000000,,
BATTERY,12,66.872918,204001728.000000,,
BATTERY,12,66.871499,204004769.000000,,
BATTERY,12,66.870357,204011852.800000,,
BATTERY,12,66.868938,204014893.800000,,
BATTERY,12,66.868908,204015084.800000,,
BATTERY,12,66.868809,204015276.800000,,
BATTERY,12,66.710139,205000128.000000,,
BATTERY,12,66.708720,205003169.000000,,
BATTERY,12,66.708689,205003360.000000,,
BATTERY,12,66.708591,205003552.000000,,
BATTERY,12,66.546052,206012416.000000,,
BATTERY,12,66.544633,206015457.000000,,
BATTERY,12,66.544602,206015648.000000,,
BATTERY,12,66.544504,206015840.000000,,
BATTERY,12,66.383965,207012288.000000,,
BATTERY,12,66.382546,207015329.000000,,
BATTERY,12,66.382515,207015520.000000,,
BATTERY,12,66.382417,207015712.000000,,
BATTERY,12,66.223559,208001728.000000,,
BATTERY,12,66.222140,208004769.000000,,
BATTERY,12,66.221638,208007884.800000,,
BATTERY,12,66.220218,208010925.800000,,
BATTERY,12,66.217500,208027801.600000,,
BATTERY,12,66.216080,208030842.600000,,
BATTERY,12,66.216050,208031033.600000,,
BATTERY,12,66.215951,208031225.600000,,
BATTERY,12,66.059335,209003328.000000,,
BATTERY,12,66.057916,209006369.000000,,
BATTERY,12,66.056022,209018124.800000,,
BATTERY,12,66.054603,209021165.800000,,
BATTERY,12,66.054572,209021356.800000,,
BATTERY,12,66.054474,209021548.800000,,
BATTERY,12,65.894215,210016256.000000,,
BATTERY,12,65.892796,210019297.000000,,
BATTERY,12,65.892766,210019488.000000,,
BATTERY,12,65.892667,210019680.000000,,
BATTERY,12,65.733366,211008448.000000,,
BATTERY,12,65.731947,211011489.000000,,
BATTERY,12,65.731916,211011680.000000,,
BATTERY,12,65.731818,211011872.000000,,
BATTERY,12,65.572496,212000768.000000,,
BATTERY,12,65.571077,212003809.000000,,
BATTERY,12,65.571046,212004000.000000,,
BATTERY,12,65.570948,212004192.000000,,
BATTERY,12,65.408790,213010688.000000,,
BATTERY,12,65.407371,213013729.000000,,
BATTERY,12,65.407340,213013920.000000,,
BATTERY,12,65.407242,213014112.000000,,
BATTERY,12,65.248332,214000448.000000,,
BATTERY,12,65.246913,214003489.000000,,
BATTERY,12,65.246882,214003680.000000,,
BATTERY,12,65.246784,214003872.000000,,
BATTERY,12,65.086122,215001088.000000,,
BATTERY,12,65.084703,215004129.000000,,
BATTERY,12,65.084252,215006924.800000,,
BATTERY,12,65.082833,215009965.800000,,
BATTERY,12,65.082802,215010156.800000,,
BATTERY,12,65.082704,215010348.800000,,
BATTERY,12,64.922466,216004928.000000,,
BATTERY,12,64.921047,216007969.000000,,
BATTERY,12,64.920339,216012364.800000,,
BATTERY,12,64.918920,216015405.800000,,
BATTERY,12,64.918889,216015596.800000,,
BATTERY,12,64.918791,216015788.800000,,
BATTERY,12,64.918196,216019481.600000,,
BATTERY,12,64.916777,216022522.600000,,
BATTERY,12,64.916746,216022713.600000,,
BATTERY,12,64.916648,216022905.600000,,
BATTERY,12,64.758279,217005888.000000,,
BATTERY,12,64.756859,217008929.000000,,
BATTERY,12,64.756829,217009120.000000,,
BATTERY,12,64.756730,217009312.000000,,
BATTERY,12,64.596408,218004416.000000,,
BATTERY,12,64.594989,218007457.000000,,
BATTERY,12,64.594958,218007648.000000,,
BATTERY,12,64.594860,218007840.000000,,
BATTERY,12,64.432826,219013568.000000,,
BATTERY,12,64.431407,219016609.000000,,
BATTERY,12,64.431376,219016800.000000,,
BATTERY,12,64.431278,219016992.000000,,
BATTERY,12,64.272678,220001408.000000,,
BATTERY,12,64.271259,220004449.000000,,
BATTERY,12,64.271228,220004640.000000,,
BATTERY,12,64.271130,220004832.000000,,
BATTERY,12,64.109952,221005248.000000,,
BATTERY,12,64.108532,221008289.000000,,
BATTERY,12,64.108502,221008480.000000,,
BATTERY,12,64.108404,221008672.000000,,
BATTERY,12,63.948514,222001088.000000,,
BATTERY,12,63.947095,222004129.000000,,
BATTERY,12,63.947064,222004320.000000,,
BATTERY,12,63.946966,222004512.000000,,
BATTERY,12,63.784035,223015808.000000,,
BATTERY,12,63.782616,223018849.000000,,
BATTERY,12,63.782585,223019040.000000,,
BATTERY,12,63.782487,223019232.000000,,
BATTERY,12,63.624248,224001408.000000,,
BATTERY,12,63.622829,224004449.000000,,
BATTERY,12,63.622798,224004640.000000,,
BATTERY,12,63.622700,224004832.000000,,
BATTERY,12,63.462243,225000768.000000,,
BATTERY,12,63.460824,225003809.000000,,
BATTERY,12,63.460793,225004000.000000,,
BATTERY,12,63.460695,225004192.000000,,
BATTERY,12,63.300136,226000768.000000,,
BATTERY,12,63.298717,226003809.000000,,
BATTERY,12,63.298686,226004000.000000,,
BATTERY,12,63.298588,226004192.000000,,
BATTERY,12,63.137977,227001088.000000,,
BATTERY,12,63.136558,227004129.000000,,
BATTERY,12,63.136527,227004320.000000,,
BATTERY,12,63.136429,227004512.000000,,
BATTERY,12,62.976024,228000128.000000,,
BATTERY,12,62.974605,228003169.000000,,
BATTERY,12,62.974309,228005004.800000,,
BATTERY,12,62.972890,228008045.800000,,
BATTERY,12,62.972859,228008236.800000,,
BATTERY,12,62.972761,228008428.800000,,
BATTERY,12,62.812987,229000128.000000,,
BATTERY,12,62.811568,229003169.000000,,
BATTERY,12,62.811537,229003360.000000,,
BATTERY,12,62.811439,229003552.000000,,
BATTERY,12,62.650828,230000448.000000,,
BATTERY,12,62.649409,230003489.000000,,
BATTERY,12,62.646329,230022604.800000,,
BATTERY,12,62.644910,230025645.800000,,
BATTERY,12,62.644879,230025836.800000,,
BATTERY,12,62.644781,230026028.800000,,
BATTERY,12,62.487534,231002048.000000,,
BATTERY,12,62.486115,231005089.000000,,
BATTERY,12,62.486084,231005280.000000,,
BATTERY,12,62.485986,231005472.000000,,
BATTERY,12,62.325684,232000448.000000,,
BATTERY,12,62.324265,232003489.000000,,
BATTERY,12,62.324234,232003680.000000,,
BATTERY,12,62.324136,232003872.000000,,
BATTERY,12,62.163061,233003648.000000,,
BATTERY,12,62.161642,233006689.000000,,
BATTERY,12,62.160676,233012684.800000,,
BATTERY,12,62.159257,233015725.800000,,
BATTERY,12,62.159226,233015916.800000,,
BATTERY,12,62.159128,233016108.800000,,
BATTERY,12,61.998900,234010624.000000,,
BATTERY,12,61.997481,234013665.000000,,
BATTERY,12,61.997450,234013856.000000,,
BATTERY,12,61.997352,234014048.000000,,
BATTERY,12,61.836731,235011008.000000,,
BATTERY,12,61.835312,235014049.000000,,
BATTERY,12,61.835281,235014240.000000,,
BATTERY,12,61.835183,235014432.000000,,
BATTERY,12,61.675500,236005568.000000,,
BATTERY,12,61.674081,236008609.000000,,
BATTERY,12,61.674050,236008800.000000,,
BATTERY,12,61.673952,236008992.000000,,
BATTERY,12,61.514269,237000128.000000,,
BATTERY,12,61.512850,237003169.000000,,
BATTERY,12,61.512819,237003360.000000,,
BATTERY,12,61.512721,237003552.000000,,
BATTERY,12,61.350336,238011456.000000,,
BATTERY,12,61.348917,238014497.000000,,
BATTERY,12,61.348886,238014688.000000,,
BATTERY,12,61.348788,238014880.000000,,
BATTERY,12,61.189848,239001408.000000,,
BATTERY,12,61.188428,239004449.000000,,
BATTERY,12,61.188398,239004640.000000,,
BATTERY,12,61.188300,239004832.000000,,
BATTERY,12,61.027255,240004416.000000,,
BATTERY,12,61.025836,240007457.000000,,
BATTERY,12,61.025806,240007648.000000,,
BATTERY,12,61.025707,240007840.000000,,
BATTERY,12,60.865736,241000768.000000,,
BATTERY,12,60.864317,241003809.000000,,
BATTERY,12,60.864286,241004000.000000,,
BATTERY,12,60.864188,241004192.000000,,
BATTERY,12,60.703525,242001408.000000,,
BATTERY,12,60.702106,242004449.000000,,
BATTERY,12,60.701913,242005644.800000,,
BATTERY,12,60.700494,242008685.800000,,
BATTERY,12,60.700463,242008876.800000,,
BATTERY,12,60.700365,242009068.800000,,
BATTERY,12,60.540385,243002048.000000,,
BATTERY,12,60.538966,243005089.000000,,
BATTERY,12,60.538935,243005280.000000,,
BATTERY,12,60.538837,243005472.000000,,
BATTERY,12,60.378536,244000448.000000,,
BATTERY,12,60.377116,244003489.000000,,
BATTERY,12,60.377086,244003680.000000,,
BATTERY,12,60.376988,244003872.000000,,
BATTERY,12,60.216480,245000128.000000,,
BATTERY,12,60.215060,245003169.000000,,
BATTERY,12,60.215030,245003360.000000,,
BATTERY,12,60.214932,245003552.000000,,
BATTERY,12,60.054217,246001088.000000,,
BATTERY,12,60.052798,246004129.000000,,
BATTERY,12,60.052606,246005324.800000,,
BATTERY,12,60.051186,246008365.800000,,
BATTERY,12,60.051156,246008556.800000,,
BATTERY,12,60.051058,246008748.800000,,
BATTERY,12,59.891078,247001728.000000,,
BATTERY,12,59.889658,247004769.000000,,
BATTERY,12,59.889628,247004960.000000,,
BATTERY,12,59.889530,247005152.000000,,
BATTERY,12,59.726547,248016768.000000,,
BATTERY,12,59.725128,248019809.000000,,
BATTERY,12,59.725097,248020000.000000,,
BATTERY,12,59.724999,248020192.000000,,
BATTERY,12,59.566966,249001088.000000,,
BATTERY,12,59.565547,249004129.000000,,
BATTERY,12,59.565516,249004320.000000,,
BATTERY,12,59.565418,249004512.000000,,
BATTERY,12,59.403157,250011648.000000,,
BATTERY,12,59.401738,250014689.000000,,
BATTERY,12,59.401707,250014880.000000,,
BATTERY,12,59.401609,250015072.000000,,
BATTERY,12,59.242854,251000448.000000,,
BATTERY,12,59.241435,251003489.000000,,
BATTERY,12,59.241404,251003680.000000,,
BATTERY,12,59.241306,251003872.000000,,
BATTERY,12,59.080695,252000768.000000,,
BATTERY,12,59.079276,252003809.000000,,
BATTERY,12,59.079245,252004000.000000,,
BATTERY,12,59.079147,252004192.000000,,
BATTERY,12,58.918433,253001728.000000,,
BATTERY,12,58.917013,253004769.000000,,
BATTERY,12,58.916983,253004960.000000,,
BATTERY,12,58.916885,253005152.000000,,
BATTERY,12,58.755789,254005056.000000,,
BATTERY,12,58.754370,254008097.000000,,
BATTERY,12,58.754339,254008288.000000,,
BATTERY,12,58.754241,254008480.000000,,
BATTERY,12,58.594269,255001408.000000,,
BATTERY,12,58.592850,255004449.000000,,
BATTERY,12,58.592819,255004640.000000,,
BATTERY,12,58.592721,255004832.000000,,
BATTERY,12,58.431677,256004416.000000,,
BATTERY,12,58.430258,256007457.000000,,
BATTERY,12,58.430227,256007648.000000,,
BATTERY,12,58.430129,256007840.000000,,
BATTERY,12,58.270157,257000768.000000,,
BATTERY,12,58.268738,257003809.000000,,
BATTERY,12,58.268707,257004000.000000,,
BATTERY,12,58.268609,257004192.000000,,
BATTERY,12,58.105730,258015168.000000,,
BATTERY,12,58.104311,258018209.000000,,
BATTERY,12,58.104280,258018400.000000,,
BATTERY,12,58.104182,258018592.000000,,
BATTERY,12,57.943932,259013248.000000,,
BATTERY,12,57.942512,259016289.000000,,
BATTERY,12,57.942482,259016480.000000,,
BATTERY,12,57.942384,259016672.000000,,
BATTERY,12,57.783886,260000448.000000,,
BATTERY,12,57.782467,260003489.000000,,
BATTERY,12,57.782436,260003680.000000,,
BATTERY,12,57.782338,260003872.000000,,
BATTERY,12,57.621830,261000128.000000,,
BATTERY,12,57.620411,261003169.000000,,
BATTERY,12,57.620380,261003360.000000,,
BATTERY,12,57.620282,261003552.000000,,
BATTERY,12,57.459620,262000768.000000,,
BATTERY,12,57.458201,262003809.000000,,
BATTERY,12,57.458170,262004000.000000,,
BATTERY,12,57.458072,262004192.000000,,
BATTERY,12,57.297409,263001408.000000,,
BATTERY,12,57.295990,263004449.000000,,
BATTERY,12,57.295959,263004640.000000,,
BATTERY,12,57.295861,263004832.000000,,
BATTERY,12,57.135456,264000448.000000,,
BATTERY,12,57.134037,264003489.000000,,
BATTERY,12,57.134006,264003680.000000,,
BATTERY,12,57.133908,264003872.000000,,
BATTERY,12,56.973143,265001728.000000,,
BATTERY,12,56.971723,265004769.000000,,
BATTERY,12,56.971693,265004960.000000,,
BATTERY,12,56.971594,265005152.000000,,
BATTERY,12,56.810241,266006656.000000,,
BATTERY,12,56.808822,266009697.000000,,
BATTERY,12,56.808791,266009888.000000,,
BATTERY,12,56.808693,266010080.000000,,
BATTERY,12,56.647690,267009408.000000,,
BATTERY,12,56.646271,267012449.000000,,
BATTERY,12,56.646240,267012640.000000,,
BATTERY,12,56.646142,267012832.000000,,
BATTERY,12,56.487078,268000128.000000,,
BATTERY,12,56.485659,268003169.000000,,
BATTERY,12,56.485628,268003360.000000,,
BATTERY,12,56.485530,268003552.000000,,
BATTERY,12,56.324919,269000448.000000,,
BATTERY,12,56.323500,269003489.000000,,
BATTERY,12,56.323469,269003680.000000,,
BATTERY,12,56.323371,269003872.000000,,
BATTERY,12,56.161966,270005696.000000,,
BATTERY,12,56.160547,270008737.000000,,
BATTERY,12,56.160516,270008928.000000,,
BATTERY,12,56.160418,270009120.000000,,
BATTERY,12,55.997796,271018496.000000,,
BATTERY,12,55.996377,271021537.000000,,
BATTERY,12,55.996346,271021728.000000,,
BATTERY,12,55.996248,271021920.000000,,
BATTERY,12,55.836307,272014656.000000,,
BATTERY,12,55.834888,272017697.000000,,
BATTERY,12,55.834857,272017888.000000,,
BATTERY,12,55.834759,272018080.000000,,
BATTERY,12,55.673550,273018688.000000,,
BATTERY,12,55.672131,273021729.000000,,
BATTERY,12,55.672100,273021920.000000,,
BATTERY,12,55.672002,273022112.000000,,
BATTERY,12,55.514433,274000128.000000,,
BATTERY,12,55.513014,274003169.000000,,
BATTERY,12,55.512983,274003360.000000,,
BATTERY,12,55.512885,274003552.000000,,
BATTERY,12,55.351603,275004608.000000,,
BATTERY,12,55.350184,275007649.000000,,
BATTERY,12,55.349270,275013324.800000,,
BATTERY,12,55.347851,275016365.800000,,
BATTERY,12,55.347820,275016556.800000,,
BATTERY,12,55.347722,275016748.800000,,
BATTERY,12,55.188598,276004416.000000,,
BATTERY,12,55.187179,276007457.000000,,
BATTERY,12,55.187148,276007648.000000,,
BATTERY,12,55.187050,276007840.000000,,
BATTERY,12,55.026459,277004608.000000,,
BATTERY,12,55.025040,277007649.000000,,
BATTERY,12,55.025009,277007840.000000,,
BATTERY,12,55.024911,277008032.000000,,
BATTERY,12,54.865022,278000448.000000,,
BATTERY,12,54.863603,278003489.000000,,
BATTERY,12,54.863572,278003680.000000,,
BATTERY,12,54.863474,278003872.000000,,
BATTERY,12,54.702760,279001408.000000,,
BATTERY,12,54.701341,279004449.000000,,
BATTERY,12,54.701310,279004640.000000,,
BATTERY,12,54.701212,279004832.000000,,
BATTERY,12,54.540498,280002368.000000,,
BATTERY,12,54.539078,280005409.000000,,
BATTERY,12,54.538886,280006604.800000,,
BATTERY,12,54.537467,280009645.800000,,
BATTERY,12,54.537068,280012121.600000,,
BATTERY,12,54.535649,280015162.600000,,
BATTERY,12,54.535456,280016358.400000,,
BATTERY,12,54.534037,280019399.400000,,
BATTERY,12,54.375928,281000768.000000,,
BATTERY,12,54.374508,281003809.000000,,
BATTERY,12,54.374213,281005644.800000,,
BATTERY,12,54.372793,281008685.800000,,
BATTERY,12,54.372763,281008876.800000,,
BATTERY,12,54.372665,281009068.800000,,
BATTERY,12,54.212942,282000448.000000,,
BATTERY,12,54.211523,282003489.000000,,
BATTERY,12,54.211492,282003680.000000,,
BATTERY,12,54.211394,282003872.000000,,
BATTERY,12,54.048340,283015936.000000,,
BATTERY,12,54.046920,283018977.000000,,
BATTERY,12,54.046890,283019168.000000,,
BATTERY,12,54.046792,283019360.000000,,
BATTERY,12,53.888573,284001408.000000,,
BATTERY,12,53.887154,284004449.000000,,
BATTERY,12,53.887123,284004640.000000,,
BATTERY,12,53.887025,284004832.000000,,
BATTERY,12,53.726620,285000448.000000,,
BATTERY,12,53.725201,285003489.000000,,
BATTERY,12,53.725170,285003680.000000,,
BATTERY,12,53.725072,285003872.000000,,
BATTERY,12,53.564564,286000128.000000,,
BATTERY,12,53.563145,286003169.000000,,
BATTERY,12,53.563114,286003360.000000,,
BATTERY,12,53.563016,286003552.000000,,
BATTERY,12,53.401817,287004096.000000,,
BATTERY,12,53.400398,287007137.000000,,
BATTERY,12,53.400367,287007328.000000,,
BATTERY,12,53.400269,287007520.000000,,
BATTERY,12,53.239524,288005248.000000,,
BATTERY,12,53.238105,288008289.000000,,
BATTERY,12,53.238074,288008480.000000,,
BATTERY,12,53.237976,288008672.000000,,
BATTERY,12,53.075901,289014656.000000,,
BATTERY,12,53.074482,289017697.000000,,
BATTERY,12,53.074451,289017888.000000,,
BATTERY,12,53.074353,289018080.000000,,
BATTERY,12,52.916031,290000768.000000,,
BATTERY,12,52.914612,290003809.000000,,
BATTERY,12,52.914581,290004000.000000,,
BATTERY,12,52.914483,290004192.000000,,
BATTERY,12,52.753975,291000448.000000,,
BATTERY,12,52.752556,291003489.000000,,
BATTERY,12,52.752525,291003680.000000,,
BATTERY,12,52.752427,291003872.000000,,
BATTERY,12,52.591867,292000448.000000,,
BATTERY,12,52.590448,292003489.000000,,
BATTERY,12,52.590417,292003680.000000,,
BATTERY,12,52.590319,292003872.000000,,
BATTERY,12,52.429811,293000128.000000,,
BATTERY,12,52.428392,293003169.000000,,
BATTERY,12,52.428361,293003360.000000,,
BATTERY,12,52.428263,293003552.000000,,
BATTERY,12,52.427514,293008204.800000,,
BATTERY,12,52.426095,293011245.800000,,
BATTERY,12,52.425541,293014681.600000,,
BATTERY,12,52.424122,293017722.600000,,
BATTERY,12,52.424091,293017913.600000,,
BATTERY,12,52.423993,293018105.600000,,
BATTERY,12,52.264077,294010688.000000,,
BATTERY,12,52.262658,294013729.000000,,
BATTERY,12,52.262627,294013920.000000,,
BATTERY,12,52.262529,294014112.000000,,
BATTERY,12,52.103001,295004288.000000,,
BATTERY,12,52.101581,295007329.000000,,
BATTERY,12,52.100719,295012684.800000,,
BATTERY,12,52.099299,295015725.800000,,
BATTERY,12,52.099269,295015916.800000,,
BATTERY,12,52.099170,295016108.800000,,
BATTERY,12,51.940634,296000128.000000,,
BATTERY,12,51.939215,296003169.000000,,
BATTERY,12,51.939184,296003360.000000,,
BATTERY,12,51.939086,296003552.000000,,
BATTERY,12,51.777836,297004416.000000,,
BATTERY,12,51.776417,297007457.000000,,
BATTERY,12,51.776386,297007648.000000,,
BATTERY,12,51.776288,297007840.000000,,
BATTERY,12,51.616367,298000448.000000,,
BATTERY,12,51.614948,298003489.000000,,
BATTERY,12,51.614918,298003680.000000,,
BATTERY,12,51.614819,298003872.000000,,
BATTERY,12,51.454157,299001088.000000,,
BATTERY,12,51.452738,299004129.000000,,
BATTERY,12,51.451823,299009804.800000,,
BATTERY,12,51.450404,299012845.800000,,
BATTERY,12,51.450373,299013036.800000,,
BATTERY,12,51.450275,299013228.800000,,
BATTERY,12,51.291223,300000448.000000,,
BATTERY,12,51.289804,300003489.000000,,
BATTERY,12,51.289773,300003680.000000,,
BATTERY,12,51.289675,300003872.000000,,
BATTERY,12,51.128961,301001408.000000,,
BATTERY,12,51.127542,301004449.000000,,
BATTERY,12,51.127511,301004640.000000,,
BATTERY,12,51.127413,301004832.000000,,
BATTERY,12,50.966369,302004416.000000,,
BATTERY,12,50.964950,302007457.000000,,
BATTERY,12,50.964919,302007648.000000,,
BATTERY,12,50.964821,302007840.000000,,
BATTERY,12,50.802942,303012608.000000,,
BATTERY,12,50.801523,303015649.000000,,
BATTERY,12,50.801492,303015840.000000,,
BATTERY,12,50.801394,303016032.000000,,
BATTERY,12,50.640473,304014848.000000,,
BATTERY,12,50.639054,304017889.000000,,
BATTERY,12,50.639023,304018080.000000,,
BATTERY,12,50.638925,304018272.000000,,
BATTERY,12,50.480634,305000768.000000,,
BATTERY,12,50.479215,305003809.000000,,
BATTERY,12,50.479184,305004000.000000,,
BATTERY,12,50.479086,305004192.000000,,
BATTERY,12,50.318630,306000128.000000,,
BATTERY,12,50.317211,306003169.000000,,
BATTERY,12,50.317180,306003360.000000,,
BATTERY,12,50.317082,306003552.000000,,
BATTERY,12,50.155852,307004288.000000,,
BATTERY,12,50.154433,307007329.000000,,
BATTERY,12,50.154402,307007520.000000,,
BATTERY,12,50.154304,307007712.000000,,
BATTERY,12,49.994363,308000448.000000,,
BATTERY,12,49.992944,308003489.000000,,
BATTERY,12,49.992913,308003680.000000,,
BATTERY,12,49.992815,308003872.000000,,
BATTERY,12,49.830709,309010048.000000,,
BATTERY,12,49.829290,309013089.000000,,
BATTERY,12,49.829259,309013280.000000,,
BATTERY,12,49.829161,309013472.000000,,
BATTERY,12,49.669530,310004288.000000,,
BATTERY,12,49.668110,310007329.000000,,
BATTERY,12,49.667402,310011724.800000,,
BATTERY,12,49.665983,310014765.800000,,
BATTERY,12,49.665952,310014956.800000,,
BATTERY,12,49.665854,310015148.800000,,
BATTERY,12,49.507163,311000128.000000,,
BATTERY,12,49.505744,311003169.000000,,
BATTERY,12,49.505713,311003360.000000,,
BATTERY,12,49.505615,311003552.000000,,
BATTERY,12,49.504453,311010764.800000,,
BATTERY,12,49.503034,311013805.800000,,
BATTERY,12,49.503003,311013996.800000,,
BATTERY,12,49.502905,311014188.800000,,
BATTERY,12,49.343698,312002368.000000,,
BATTERY,12,49.342279,312005409.000000,,
BATTERY,12,49.342087,312006604.800000,,
BATTERY,12,49.340667,312009645.800000,,
BATTERY,12,49.340637,312009836.800000,,
BATTERY,12,49.340538,312010028.800000,,
BATTERY,12,49.339840,312014361.600000,,
BATTERY,12,49.338421,312017402.600000,,
BATTERY,12,49.338391,312017593.600000,,
BATTERY,12,49.338292,312017785.600000,,
BATTERY,12,49.179975,313000448.000000,,
BATTERY,12,49.178555,313003489.000000,,
BATTERY,12,49.178525,313003680.000000,,
BATTERY,12,49.178426,313003872.000000,,
BATTERY,12,49.017661,314001728.000000,,
BATTERY,12,49.016242,314004769.000000,,
BATTERY,12,49.015791,314007564.800000,,
BATTERY,12,49.014372,314010605.800000,,
BATTERY,12,49.014341,314010796.800000,,
BATTERY,12,49.014243,314010988.800000,,
BATTERY,12,48.854830,315000448.000000,,
BATTERY,12,48.853411,315003489.000000,,
BATTERY,12,48.853380,315003680.000000,,
BATTERY,12,48.853282,315003872.000000,,
BATTERY,12,48.692723,316000448.000000,,
BATTERY,12,48.691304,316003489.000000,,
BATTERY,12,48.691273,316003680.000000,,
BATTERY,12,48.691175,316003872.000000,,
BATTERY,12,48.530409,317001728.000000,,
BATTERY,12,48.528990,317004769.000000,,
BATTERY,12,48.528959,317004960.000000,,
BATTERY,12,48.528861,317005152.000000,,
BATTERY,12,48.368302,318001728.000000,,
BATTERY,12,48.366882,318004769.000000,,
BATTERY,12,48.366852,318004960.000000,,
BATTERY,12,48.366754,318005152.000000,,
BATTERY,12,48.204699,319011008.000000,,
BATTERY,12,48.203280,319014049.000000,,
BATTERY,12,48.203249,319014240.000000,,
BATTERY,12,48.203151,319014432.000000,,
BATTERY,12,48.044035,320002048.000000,,
BATTERY,12,48.042616,320005089.000000,,
BATTERY,12,48.042372,320006604.800000,,
BATTERY,12,48.040953,320009645.800000,,
BATTERY,12,48.040922,320009836.800000,,
BATTERY,12,48.040824,320010028.800000,,
BATTERY,12,47.881050,321001728.000000,,
BATTERY,12,47.879631,321004769.000000,,
BATTERY,12,47.879600,321004960.000000,,
BATTERY,12,47.879502,321005152.000000,,
BATTERY,12,47.719200,322000128.000000,,
BATTERY,12,47.717781,322003169.000000,,
BATTERY,12,47.717750,322003360.000000,,
BATTERY,12,47.717652,322003552.000000,,
BATTERY,12,47.556990,323000768.000000,,
BATTERY,12,47.555570,323003809.000000,,
BATTERY,12,47.555540,323004000.000000,,
BATTERY,12,47.555441,323004192.000000,,
BATTERY,12,47.394470,324003328.000000,,
BATTERY,12,47.393050,324006369.000000,,
BATTERY,12,47.392136,324012044.800000,,
BATTERY,12,47.390717,324015085.800000,,
BATTERY,12,47.390686,324015276.800000,,
BATTERY,12,47.390588,324015468.800000,,
BATTERY,12,47.230814,325007168.000000,,
BATTERY,12,47.229395,325010209.000000,,
BATTERY,12,47.229364,325010400.000000,,
BATTERY,12,47.229266,325010592.000000,,
BATTERY,12,47.069686,326001088.000000,,
BATTERY,12,47.068267,326004129.000000,,
BATTERY,12,47.068236,326004320.000000,,
BATTERY,12,47.068138,326004512.000000,,
BATTERY,12,46.907733,327000128.000000,,
BATTERY,12,46.906314,327003169.000000,,
BATTERY,12,46.906284,327003360.000000,,
BATTERY,12,46.906185,327003552.000000,,
BATTERY,12,46.744749,328005568.000000,,
BATTERY,12,46.743330,328008609.000000,,
BATTERY,12,46.743300,328008800.000000,,
BATTERY,12,46.743201,328008992.000000,,
BATTERY,12,46.582745,329004928.000000,,
BATTERY,12,46.581326,329007969.000000,,
BATTERY,12,46.581295,329008160.000000,,
BATTERY,12,46.581197,329008352.000000,,
BATTERY,12,46.421411,330000128.000000,,
BATTERY,12,46.419992,330003169.000000,,
BATTERY,12,46.419961,330003360.000000,,
BATTERY,12,46.419863,330003552.000000,,
BATTERY,12,46.259046,331001728.000000,,
BATTERY,12,46.257626,331004769.000000,,
BATTERY,12,46.256506,331011724.800000,,
BATTERY,12,46.255087,331014765.800000,,
BATTERY,12,46.254636,331017561.600000,,
BATTERY,12,46.253217,331020602.600000,,
BATTERY,12,46.253186,331020793.600000,,
BATTERY,12,46.253088,331020985.600000,,
BATTERY,12,46.093585,332011008.000000,,
BATTERY,12,46.092165,332014049.000000,,
BATTERY,12,46.092135,332014240.000000,,
BATTERY,12,46.092037,332014432.000000,,
BATTERY,12,45.930188,333019008.000000,,
BATTERY,12,45.928769,333022049.000000,,
BATTERY,12,45.928738,333022240.000000,,
BATTERY,12,45.928640,333022432.000000,,
BATTERY,12,45.771071,334000448.000000,,
BATTERY,12,45.769652,334003489.000000,,
BATTERY,12,45.769621,334003680.000000,,
BATTERY,12,45.769523,334003872.000000,,
BATTERY,12,45.608139,335005568.000000,,
BATTERY,12,45.606719,335008609.000000,,
BATTERY,12,45.606689,335008800.000000,,
BATTERY,12,45.606591,335008992.000000,,
BATTERY,12,45.444072,336017728.000000,,
BATTERY,12,45.442653,336020769.000000,,
BATTERY,12,45.442622,336020960.000000,,
BATTERY,12,45.442524,336021152.000000,,
BATTERY,12,45.284542,337001728.000000,,
BATTERY,12,45.283123,337004769.000000,,
BATTERY,12,45.283092,337004960.000000,,
BATTERY,12,45.282994,337005152.000000,,
BATTERY,12,45.121795,338005696.000000,,
BATTERY,12,45.120376,338008737.000000,,
BATTERY,12,45.120346,338008928.000000,,
BATTERY,12,45.120247,338009120.000000,,
BATTERY,12,44.959399,339007488.000000,,
BATTERY,12,44.957980,339010529.000000,,
BATTERY,12,44.957633,339012684.800000,,
BATTERY,12,44.956214,339015725.800000,,
BATTERY,12,44.956183,339015916.800000,,
BATTERY,12,44.956085,339016108.800000,,
BATTERY,12,44.795744,340011328.000000,,
BATTERY,12,44.794325,340014369.000000,,
BATTERY,12,44.794294,340014560.000000,,
BATTERY,12,44.794196,340014752.000000,,
BATTERY,12,44.635389,341000448.000000,,
BATTERY,12,44.633970,341003489.000000,,
BATTERY,12,44.633939,341003680.000000,,
BATTERY,12,44.633841,341003872.000000,,
BATTERY,12,44.473282,342000448.000000,,
BATTERY,12,44.471863,342003489.000000,,
BATTERY,12,44.471832,342003680.000000,,
BATTERY,12,44.471734,342003872.000000,,
BATTERY,12,44.471190,342007244.800000,,
BATTERY,12,44.469771,342010285.800000,,
BATTERY,12,44.469740,342010476.800000,,
BATTERY,12,44.469642,342010668.800000,,
BATTERY,12,44.466707,342028889.600000,,
BATTERY,12,44.465288,342031930.600000,,
BATTERY,12,44.465257,342032121.600000,,
BATTERY,12,44.465159,342032313.600000,,
BATTERY,12,44.309233,343000128.000000,,
BATTERY,12,44.307814,343003169.000000,,
BATTERY,12,44.307783,343003360.000000,,
BATTERY,12,44.307685,343003552.000000,,
BATTERY,12,44.145682,344009088.000000,,
BATTERY,12,44.144263,344012129.000000,,
BATTERY,12,44.144232,344012320.000000,,
BATTERY,12,44.144134,344012512.000000,,
BATTERY,12,43.982574,345015296.000000,,
BATTERY,12,43.981155,345018337.000000,,
BATTERY,12,43.981124,345018528.000000,,
BATTERY,12,43.981026,345018720.000000,,
BATTERY,12,43.822137,346004928.000000,,
BATTERY,12,43.820718,346007969.000000,,
BATTERY,12,43.820687,346008160.000000,,
BATTERY,12,43.820589,346008352.000000,,
BATTERY,12,43.660803,347000128.000000,,
BATTERY,12,43.659384,347003169.000000,,
BATTERY,12,43.659353,347003360.000000,,
BATTERY,12,43.659255,347003552.000000,,
BATTERY,12,43.496561,348013376.000000,,
BATTERY,12,43.495142,348016417.000000,,
BATTERY,12,43.495111,348016608.000000,,
BATTERY,12,43.495013,348016800.000000,,
BATTERY,12,43.336227,349002368.000000,,
BATTERY,12,43.334808,349005409.000000,,
BATTERY,12,43.333130,349015820.800000,,
BATTERY,12,43.331711,349018861.800000,,
BATTERY,12,43.331681,349019052.800000,,
BATTERY,12,43.331582,349019244.800000,,
BATTERY,12,43.172933,350003968.000000,,
BATTERY,12,43.171513,350007009.000000,,
BATTERY,12,43.171483,350007200.000000,,
BATTERY,12,43.171385,350007392.000000,,
BATTERY,12,43.009897,351009728.000000,,
BATTERY,12,43.008478,351012769.000000,,
BATTERY,12,43.008447,351012960.000000,,
BATTERY,12,43.008349,351013152.000000,,
BATTERY,12,42.847480,352011648.000000,,
BATTERY,12,42.846061,352014689.000000,,
BATTERY,12,42.846030,352014880.000000,,
BATTERY,12,42.845932,352015072.000000,,
BATTERY,12,42.686198,353006528.000000,,
BATTERY,12,42.684778,353009569.000000,,
BATTERY,12,42.684328,353012364.800000,,
BATTERY,12,42.682909,353015405.800000,,
BATTERY,12,42.682878,353015596.800000,,
BATTERY,12,42.682780,353015788.800000,,
BATTERY,12,42.523501,354004416.000000,,
BATTERY,12,42.522082,354007457.000000,,
BATTERY,12,42.522051,354007648.000000,,
BATTERY,12,42.521953,354007840.000000,,
BATTERY,12,42.361157,355005888.000000,,
BATTERY,12,42.359737,355008929.000000,,
BATTERY,12,42.359442,355010764.800000,,
BATTERY,12,42.358022,355013805.800000,,
BATTERY,12,42.357992,355013996.800000,,
BATTERY,12,42.357894,355014188.800000,,
BATTERY,12,42.198790,356001728.000000,,
BATTERY,12,42.197371,356004769.000000,,
BATTERY,12,42.197340,356004960.000000,,
BATTERY,12,42.197242,356005152.000000,,
BATTERY,12,42.036889,357000448.000000,,
BATTERY,12,42.035470,357003489.000000,,
BATTERY,12,42.033369,357016524.800000,,
BATTERY,12,42.031950,357019565.800000,,
BATTERY,12,42.031920,357019756.800000,,
BATTERY,12,42.031821,357019948.800000,,
BATTERY,12,41.873904,358000128.000000,,
BATTERY,12,41.872484,358003169.000000,,
BATTERY,12,41.872454,358003360.000000,,
BATTERY,12,41.872356,358003552.000000,,
BATTERY,12,41.711487,359002048.000000,,
BATTERY,12,41.710068,359005089.000000,,
BATTERY,12,41.710037,359005280.000000,,
BATTERY,12,41.709939,359005472.000000,,
BATTERY,12,41.547781,360011968.000000,,
BATTERY,12,41.546362,360015009.000000,,
BATTERY,12,41.546331,360015200.000000,,
BATTERY,12,41.546233,360015392.000000,,
BATTERY,12,41.386705,361005568.000000,,
BATTERY,12,41.385286,361008609.000000,,
BATTERY,12,41.385255,361008800.000000,,
BATTERY,12,41.385157,361008992.000000,,
BATTERY,12,41.225319,362001088.000000,,
BATTERY,12,41.223900,362004129.000000,,
BATTERY,12,41.223869,362004320.000000,,
BATTERY,12,41.223771,362004512.000000,,
BATTERY,12,41.063366,363000128.000000,,
BATTERY,12,41.061947,363003169.000000,,
BATTERY,12,41.061916,363003360.000000,,
BATTERY,12,41.061818,363003552.000000,,
BATTERY,12,40.901259,364000128.000000,,
BATTERY,12,40.899839,364003169.000000,,
BATTERY,12,40.899809,364003360.000000,,
BATTERY,12,40.899711,364003552.000000,,
BATTERY,12,40.738996,365001088.000000,,
BATTERY,12,40.737577,365004129.000000,,
BATTERY,12,40.737546,365004320.000000,,
BATTERY,12,40.737448,365004512.000000,,
BATTERY,12,40.576734,366002048.000000,,
BATTERY,12,40.575315,366005089.000000,,
BATTERY,12,40.575284,366005280.000000,,
BATTERY,12,40.575186,366005472.000000,,
BATTERY,12,40.414936,367000128.000000,,
BATTERY,12,40.413517,367003169.000000,,
BATTERY,12,40.413221,367005004.800000,,
BATTERY,12,40.411802,367008045.800000,,
BATTERY,12,40.411300,367011161.600000,,
BATTERY,12,40.409881,367014202.600000,,
BATTERY,12,40.409850,367014393.600000,,
BATTERY,12,40.409752,367014585.600000,,
BATTERY,12,40.250867,368000768.000000,,
BATTERY,12,40.249448,368003809.000000,,
BATTERY,12,40.249152,368005644.800000,,
BATTERY,12,40.247733,368008685.800000,,
BATTERY,12,40.247702,368008876.800000,,
BATTERY,12,40.247604,368009068.800000,,
BATTERY,12,40.087882,369000448.000000,,
BATTERY,12,40.086463,369003489.000000,,
BATTERY,12,40.086432,369003680.000000,,
BATTERY,12,40.086334,369003872.000000,,
BATTERY,12,39.925826,370000128.000000,,
BATTERY,12,39.924407,370003169.000000,,
BATTERY,12,39.923420,370009292.800000,,
BATTERY,12,39.922001,370012333.800000,,
BATTERY,12,39.921970,370012524.800000,,
BATTERY,12,39.921872,370012716.800000,,
BATTERY,12,39.761861,371005888.000000,,
BATTERY,12,39.760442,371008929.000000,,
BATTERY,12,39.759992,371011724.800000,,
BATTERY,12,39.758573,371014765.800000,,
BATTERY,12,39.758542,371014956.800000,,
BATTERY,12,39.758444,371015148.800000,,
BATTERY,12,39.599598,372001088.000000,,
BATTERY,12,39.598179,372004129.000000,,
BATTERY,12,39.598148,372004320.000000,,
BATTERY,12,39.598050,372004512.000000,,
BATTERY,12,39.436769,373005568.000000,,
BATTERY,12,39.435349,373008609.000000,,
BATTERY,12,39.435319,373008800.000000,,
BATTERY,12,39.435221,373008992.000000,,
BATTERY,12,39.274816,374004608.000000,,
BATTERY,12,39.273397,374007649.000000,,
BATTERY,12,39.272946,374010444.800000,,
BATTERY,12,39.271527,374013485.800000,,
BATTERY,12,39.271496,374013676.800000,,
BATTERY,12,39.271398,374013868.800000,,
BATTERY,12,39.112346,375001088.000000,,
BATTERY,12,39.110927,375004129.000000,,
BATTERY,12,39.110528,375006604.800000,,
BATTERY,12,39.109109,375009645.800000,,
BATTERY,12,39.108916,375010841.600000,,
BATTERY,12,39.107497,375013882.600000,,
BATTERY,12,39.107466,375014073.600000,,
BATTERY,12,39.107368,375014265.600000,,
BATTERY,12,38.946834,376010688.000000,,
BATTERY,12,38.945414,376013729.000000,,
BATTERY,12,38.945384,376013920.000000,,
BATTERY,12,38.945286,376014112.000000,,
BATTERY,12,38.786324,377000768.000000,,
BATTERY,12,38.784905,377003809.000000,,
BATTERY,12,38.784558,377005964.800000,,
BATTERY,12,38.783139,377009005.800000,,
BATTERY,12,38.783108,377009196.800000,,
BATTERY,12,38.783010,377009388.800000,,
BATTERY,12,38.623133,378001728.000000,,
BATTERY,12,38.621714,378004769.000000,,
BATTERY,12,38.620696,378011084.800000,,
BATTERY,12,38.619277,378014125.800000,,
BATTERY,12,38.619246,378014316.800000,,
BATTERY,12,38.619148,378014508.800000,,
BATTERY,12,38.459478,379005568.000000,,
BATTERY,12,38.458058,379008609.000000,,
BATTERY,12,38.458028,379008800.000000,,
BATTERY,12,38.457930,379008992.000000,,
BATTERY,12,38.296184,380012928.000000,,
BATTERY,12,38.294765,380015969.000000,,
BATTERY,12,38.294734,380016160.000000,,
BATTERY,12,38.294636,380016352.000000,,
BATTERY,12,38.136139,381000128.000000,,
BATTERY,12,38.134720,381003169.000000,,
BATTERY,12,38.134689,381003360.000000,,
BATTERY,12,38.134591,381003552.000000,,
BATTERY,12,37.974032,382000128.000000,,
BATTERY,12,37.972612,382003169.000000,,
BATTERY,12,37.972582,382003360.000000,,
BATTERY,12,37.972483,382003552.000000,,
BATTERY,12,37.811872,383000448.000000,,
BATTERY,12,37.810453,383003489.000000,,
BATTERY,12,37.810423,383003680.000000,,
BATTERY,12,37.810324,383003872.000000,,
BATTERY,12,37.649662,384001088.000000,,
BATTERY,12,37.648243,384004129.000000,,
BATTERY,12,37.648212,384004320.000000,,
BATTERY,12,37.648114,384004512.000000,,
BATTERY,12,37.647990,384005281.000000,,
BATTERY,12,37.646571,384008322.000000,,
BATTERY,12,37.646540,384008513.000000,,
BATTERY,12,37.646442,384008705.000000,,
BATTERY,12,37.486610,385000768.000000,,
BATTERY,12,37.485190,385003809.000000,,
BATTERY,12,37.485160,385004000.000000,,
BATTERY,12,37.485061,385004192.000000,,
BATTERY,12,37.324605,386000128.000000,,
BATTERY,12,37.323186,386003169.000000,,
BATTERY,12,37.322684,386006284.800000,,
BATTERY,12,37.321265,386009325.800000,,
BATTERY,12,37.319247,386021849.600000,,
BATTERY,12,37.317828,386024890.600000,,
BATTERY,12,37.317797,386025081.600000,,
BATTERY,12,37.317699,386025273.600000,,
BATTERY,12,37.159897,387004736.000000,,
BATTERY,12,37.158478,387007777.000000,,
BATTERY,12,37.158447,387007968.000000,,
BATTERY,12,37.158349,387008160.000000,,
BATTERY,12,36.997655,388005568.000000,,
BATTERY,12,36.996236,388008609.000000,,
BATTERY,12,36.995992,388010124.800000,,
BATTERY,12,36.994573,388013165.800000,,
BATTERY,12,36.994542,388013356.800000,,
BATTERY,12,36.994444,388013548.800000,,
BATTERY,12,36.835237,389001728.000000,,
BATTERY,12,36.833818,389004769.000000,,
BATTERY,12,36.833787,389004960.000000,,
BATTERY,12,36.833689,389005152.000000,,
BATTERY,12,36.672490,390005696.000000,,
BATTERY,12,36.671071,390008737.000000,,
BATTERY,12,36.671041,390008928.000000,,
BATTERY,12,36.670942,390009120.000000,,
BATTERY,12,36.510919,391002368.000000,,
BATTERY,12,36.509500,391005409.000000,,
BATTERY,12,36.507400,391018444.800000,,
BATTERY,12,36.505981,391021485.800000,,
BATTERY,12,36.505950,391021676.800000,,
BATTERY,12,36.505852,391021868.800000,,
BATTERY,12,36.346181,392012928.000000,,
BATTERY,12,36.344762,392015969.000000,,
BATTERY,12,36.344731,392016160.000000,,
BATTERY,12,36.344633,392016352.000000,,
BATTERY,12,36.183919,393013888.000000,,
BATTERY,12,36.182500,393016929.000000,,
BATTERY,12,36.182469,393017120.000000,,
BATTERY,12,36.182371,393017312.000000,,
BATTERY,12,36.023977,394000448.000000,,
BATTERY,12,36.022558,394003489.000000,,
BATTERY,12,36.022527,394003680.000000,,
BATTERY,12,36.022429,394003872.000000,,
BATTERY,12,35.861611,395002048.000000,,
BATTERY,12,35.860192,395005089.000000,,
BATTERY,12,35.860162,395005280.000000,,
BATTERY,12,35.860063,395005472.000000,,
BATTERY,12,35.699143,396004288.000000,,
BATTERY,12,35.697724,396007329.000000,,
BATTERY,12,35.697693,396007520.000000,,
BATTERY,12,35.697595,396007712.000000,,
BATTERY,12,35.537654,397000448.000000,,
BATTERY,12,35.536235,397003489.000000,,
BATTERY,12,35.536204,397003680.000000,,
BATTERY,12,35.536106,397003872.000000,,
BATTERY,12,35.375598,398000128.000000,,
BATTERY,12,35.374179,398003169.000000,,
BATTERY,12,35.374148,398003360.000000,,
BATTERY,12,35.374050,398003552.000000,,
BATTERY,12,35.213388,399000768.000000,,
BATTERY,12,35.211969,399003809.000000,,
BATTERY,12,35.211938,399004000.000000,,
BATTERY,12,35.211840,399004192.000000,,
BATTERY,12,35.051022,400002368.000000,,
BATTERY,12,35.049603,400005409.000000,,
BATTERY,12,35.049050,400008844.800000,,
BATTERY,12,35.047631,400011885.800000,,
BATTERY,12,35.047335,400013721.600000,,
BATTERY,12,35.045916,400016762.600000,,
BATTERY,12,35.045885,400016953.600000,,
BATTERY,12,35.045787,400017145.600000,,
BATTERY,12,34.886747,401004288.000000,,
BATTERY,12,34.885328,401007329.000000,,
BATTERY,12,34.885297,401007520.000000,,
BATTERY,12,34.885199,401007712.000000,,
BATTERY,12,34.724640,402004288.000000,,
BATTERY,12,34.723221,402007329.000000,,
BATTERY,12,34.723190,402007520.000000,,
BATTERY,12,34.723092,402007712.000000,,
BATTERY,12,34.562945,403001728.000000,,
BATTERY,12,34.561525,403004769.000000,,
BATTERY,12,34.561495,403004960.000000,,
BATTERY,12,34.561397,403005152.000000,,
BATTERY,12,34.400167,404005888.000000,,
BATTERY,12,34.398748,404008929.000000,,
BATTERY,12,34.398717,404009120.000000,,
BATTERY,12,34.398619,404009312.000000,,
BATTERY,12,34.238936,405000448.000000,,
BATTERY,12,34.237517,405003489.000000,,
BATTERY,12,34.237486,405003680.000000,,
BATTERY,12,34.237388,405003872.000000,,
BATTERY,12,34.074797,406013056.000000,,
BATTERY,12,34.073378,406016097.000000,,
BATTERY,12,34.073347,406016288.000000,,
BATTERY,12,34.073249,406016480.000000,,
BATTERY,12,33.914051,407004608.000000,,
BATTERY,12,33.912631,407007649.000000,,
BATTERY,12,33.912601,407007840.000000,,
BATTERY,12,33.912503,407008032.000000,,
BATTERY,12,33.751788,408005568.000000,,
BATTERY,12,33.750369,408008609.000000,,
BATTERY,12,33.750338,408008800.000000,,
BATTERY,12,33.750240,408008992.000000,,
BATTERY,12,33.588010,409015936.000000,,
BATTERY,12,33.586591,409018977.000000,,
BATTERY,12,33.586561,409019168.000000,,
BATTERY,12,33.586462,409019360.000000,,
BATTERY,12,33.427316,410007168.000000,,
BATTERY,12,33.425896,410010209.000000,,
BATTERY,12,33.425498,410012684.800000,,
BATTERY,12,33.424078,410015725.800000,,
BATTERY,12,33.424048,410015916.800000,,
BATTERY,12,33.423950,410016108.800000,,
BATTERY,12,33.265362,411000448.000000,,
BATTERY,12,33.263942,411003489.000000,,
BATTERY,12,33.263912,411003680.000000,,
BATTERY,12,33.263814,411003872.000000,,
BATTERY,12,33.103254,412000448.000000,,
BATTERY,12,33.101835,412003489.000000,,
BATTERY,12,33.101804,412003680.000000,,
BATTERY,12,33.101706,412003872.000000,,
BATTERY,12,32.941198,413000128.000000,,
BATTERY,12,32.939779,413003169.000000,,
BATTERY,12,32.939748,413003360.000000,,
BATTERY,12,32.939650,413003552.000000,,
BATTERY,12,32.778884,414001408.000000,,
BATTERY,12,32.777465,414004449.000000,,
BATTERY,12,32.777221,414005964.800000,,
BATTERY,12,32.775802,414009005.800000,,
BATTERY,12,32.775771,414009196.800000,,
BATTERY,12,32.775673,414009388.800000,,
BATTERY,12,32.615745,415002048.000000,,
BATTERY,12,32.614325,415005089.000000,,
BATTERY,12,32.612462,415016652.800000,,
BATTERY,12,32.611043,415019693.800000,,
BATTERY,12,32.611012,415019884.800000,,
BATTERY,12,32.610914,415020076.800000,,
BATTERY,12,32.450543,416015488.000000,,
BATTERY,12,32.449123,416018529.000000,,
BATTERY,12,32.449093,416018720.000000,,
BATTERY,12,32.448994,416018912.000000,,
BATTERY,12,32.289002,417011968.000000,,
BATTERY,12,32.287583,417015009.000000,,
BATTERY,12,32.287552,417015200.000000,,
BATTERY,12,32.287454,417015392.000000,,
BATTERY,12,32.128802,418000128.000000,,
BATTERY,12,32.127383,418003169.000000,,
BATTERY,12,32.127352,418003360.000000,,
BATTERY,12,32.127254,418003552.000000,,
BATTERY,12,31.966076,419003968.000000,,
BATTERY,12,31.964657,419007009.000000,,
BATTERY,12,31.964626,419007200.000000,,
BATTERY,12,31.964528,419007392.000000,,
BATTERY,12,31.803762,420005248.000000,,
BATTERY,12,31.802343,420008289.000000,,
BATTERY,12,31.802312,420008480.000000,,
BATTERY,12,31.802214,420008672.000000,,
BATTERY,12,31.642480,421000128.000000,,
BATTERY,12,31.641061,421003169.000000,,
BATTERY,12,31.641030,421003360.000000,,
BATTERY,12,31.640932,421003552.000000,,
BATTERY,12,31.480166,422001408.000000,,
BATTERY,12,31.478747,422004449.000000,,
BATTERY,12,31.478554,422005644.800000,,
BATTERY,12,31.477135,422008685.800000,,
BATTERY,12,31.477104,422008876.800000,,
BATTERY,12,31.477006,422009068.800000,,
BATTERY,12,31.316459,423005568.000000,,
BATTERY,12,31.315040,423008609.000000,,
BATTERY,12,31.315009,423008800.000000,,
BATTERY,12,31.314911,423008992.000000,,
BATTERY,12,31.155176,424000448.000000,,
BATTERY,12,31.153757,424003489.000000,,
BATTERY,12,31.153726,424003680.000000,,
BATTERY,12,31.153628,424003872.000000,,
BATTERY,12,30.992450,425004288.000000,,
BATTERY,12,30.991031,425007329.000000,,
BATTERY,12,30.991000,425007520.000000,,
BATTERY,12,30.990902,425007712.000000,,
BATTERY,12,30.830807,426001408.000000,,
BATTERY,12,30.829388,426004449.000000,,
BATTERY,12,30.829357,426004640.000000,,
BATTERY,12,30.829259,426004832.000000,,
BATTERY,12,30.668318,427003776.000000,,
BATTERY,12,30.666899,427006817.000000,,
BATTERY,12,30.666868,427007008.000000,,
BATTERY,12,30.666770,427007200.000000,,
BATTERY,12,30.506798,428000128.000000,,
BATTERY,12,30.505379,428003169.000000,,
BATTERY,12,30.505348,428003360.000000,,
BATTERY,12,30.505250,428003552.000000,,
BATTERY,12,30.342989,429010688.000000,,
BATTERY,12,30.341570,429013729.000000,,
BATTERY,12,30.341539,429013920.000000,,
BATTERY,12,30.341441,429014112.000000,,
BATTERY,12,30.182480,430000768.000000,,
BATTERY,12,30.181061,430003809.000000,,
BATTERY,12,30.181030,430004000.000000,,
BATTERY,12,30.180932,430004192.000000,,
BATTERY,12,30.020218,431001728.000000,,
BATTERY,12,30.018799,431004769.000000,,
BATTERY,12,30.018768,431004960.000000,,
BATTERY,12,30.018670,431005152.000000,,
BATTERY,12,29.858213,432001088.000000,,
BATTERY,12,29.856794,432004129.000000,,
BATTERY,12,29.856763,432004320.000000,,
BATTERY,12,29.856665,432004512.000000,,
BATTERY,12,29.694817,433009088.000000,,
BATTERY,12,29.693398,433012129.000000,,
BATTERY,12,29.693367,433012320.000000,,
BATTERY,12,29.693269,433012512.000000,,
BATTERY,12,29.531833,434014528.000000,,
BATTERY,12,29.530414,434017569.000000,,
BATTERY,12,29.530383,434017760.000000,,
BATTERY,12,29.530285,434017952.000000,,
BATTERY,12,29.370138,435011968.000000,,
BATTERY,12,29.368719,435015009.000000,,
BATTERY,12,29.368688,435015200.000000,,
BATTERY,12,29.368590,435015392.000000,,
BATTERY,12,29.209938,436000128.000000,,
BATTERY,12,29.208519,436003169.000000,,
BATTERY,12,29.208488,436003360.000000,,
BATTERY,12,29.208390,436003552.000000,,
BATTERY,12,29.046851,437006208.000000,,
BATTERY,12,29.045432,437009249.000000,,
BATTERY,12,29.045401,437009440.000000,,
BATTERY,12,29.045303,437009632.000000,,
BATTERY,12,28.885517,438001408.000000,,
BATTERY,12,28.884098,438004449.000000,,
BATTERY,12,28.884067,438004640.000000,,
BATTERY,12,28.883969,438004832.000000,,
BATTERY,12,28.882188,438015884.800000,,
BATTERY,12,28.880769,438018925.800000,,
BATTERY,12,28.879854,438024601.600000,,
BATTERY,12,28.878435,438027642.600000,,
BATTERY,12,28.878139,438029478.400000,,
BATTERY,12,28.876720,438032519.400000,,
BATTERY,12,28.876690,438032710.400000,,
BATTERY,12,28.876591,438032902.400000,,
BATTERY,12,28.718905,439011648.000000,,
BATTERY,12,28.717485,439014689.000000,,
BATTERY,12,28.717455,439014880.000000,,
BATTERY,12,28.717357,439015072.000000,,
BATTERY,12,28.558653,440000128.000000,,
BATTERY,12,28.557234,440003169.000000,,
BATTERY,12,28.557203,440003360.000000,,
BATTERY,12,28.557105,440003552.000000,,
BATTERY,12,28.396339,441001408.000000,,
BATTERY,12,28.394920,441004449.000000,,
BATTERY,12,28.394889,441004640.000000,,
BATTERY,12,28.394791,441004832.000000,,
BATTERY,12,28.233562,442005568.000000,,
BATTERY,12,28.232142,442008609.000000,,
BATTERY,12,28.232112,442008800.000000,,
BATTERY,12,28.232014,442008992.000000,,
BATTERY,12,28.072279,443000448.000000,,
BATTERY,12,28.070860,443003489.000000,,
BATTERY,12,28.070829,443003680.000000,,
BATTERY,12,28.070731,443003872.000000,,
BATTERY,12,27.910120,444000768.000000,,
BATTERY,12,27.908701,444003809.000000,,
BATTERY,12,27.908670,444004000.000000,,
BATTERY,12,27.908572,444004192.000000,,
BATTERY,12,27.748116,445000128.000000,,
BATTERY,12,27.746696,445003169.000000,,
BATTERY,12,27.746666,445003360.000000,,
BATTERY,12,27.746568,445003552.000000,,
BATTERY,12,27.585750,446001728.000000,,
BATTERY,12,27.584331,446004769.000000,,
BATTERY,12,27.584300,446004960.000000,,
BATTERY,12,27.584202,446005152.000000,,
BATTERY,12,27.421735,447013568.000000,,
BATTERY,12,27.420316,447016609.000000,,
BATTERY,12,27.420285,447016800.000000,,
BATTERY,12,27.420187,447016992.000000,,
BATTERY,12,27.261690,448000768.000000,,
BATTERY,12,27.260271,448003809.000000,,
BATTERY,12,27.260240,448004000.000000,,
BATTERY,12,27.260142,448004192.000000,,
BATTERY,12,27.099531,449001088.000000,,
BATTERY,12,27.098112,449004129.000000,,
BATTERY,12,27.097919,449005324.800000,,
BATTERY,12,27.096500,449008365.800000,,
BATTERY,12,27.096469,449008556.800000,,
BATTERY,12,27.096371,449008748.800000,,
BATTERY,12,26.936597,450000448.000000,,
BATTERY,12,26.935178,450003489.000000,,
BATTERY,12,26.935147,450003680.000000,,
BATTERY,12,26.935049,450003872.000000,,
BATTERY,12,26.774284,451001728.000000,,
BATTERY,12,26.772864,451004769.000000,,
BATTERY,12,26.770506,451019404.800000,,
BATTERY,12,26.769087,451022445.800000,,
BATTERY,12,26.769057,451022636.800000,,
BATTERY,12,26.768958,451022828.800000,,
BATTERY,12,26.611350,452001088.000000,,
BATTERY,12,26.609931,452004129.000000,,
BATTERY,12,26.609900,452004320.000000,,
BATTERY,12,26.609802,452004512.000000,,
BATTERY,12,26.447283,453013248.000000,,
BATTERY,12,26.445864,453016289.000000,,
BATTERY,12,26.445833,453016480.000000,,
BATTERY,12,26.445735,453016672.000000,,
BATTERY,12,26.284763,454015808.000000,,
BATTERY,12,26.283344,454018849.000000,,
BATTERY,12,26.283313,454019040.000000,,
BATTERY,12,26.283215,454019232.000000,,
BATTERY,12,26.125131,455000448.000000,,
BATTERY,12,26.123711,455003489.000000,,
BATTERY,12,26.123681,455003680.000000,,
BATTERY,12,26.123583,455003872.000000,,
BATTERY,12,25.963075,456000128.000000,,
BATTERY,12,25.961655,456003169.000000,,
BATTERY,12,25.961625,456003360.000000,,
BATTERY,12,25.961527,456003552.000000,,
BATTERY,12,25.800967,457000128.000000,,
BATTERY,12,25.799548,457003169.000000,,
BATTERY,12,25.799517,457003360.000000,,
BATTERY,12,25.799419,457003552.000000,,
BATTERY,12,25.637756,458006976.000000,,
BATTERY,12,25.636337,458010017.000000,,
BATTERY,12,25.636306,458010208.000000,,
BATTERY,12,25.636208,458010400.000000,,
BATTERY,12,25.474845,459011968.000000,,
BATTERY,12,25.473425,459015009.000000,,
BATTERY,12,25.473395,459015200.000000,,
BATTERY,12,25.473296,459015392.000000,,
BATTERY,12,25.314645,460000128.000000,,
BATTERY,12,25.313225,460003169.000000,,
BATTERY,12,25.313195,460003360.000000,,
BATTERY,12,25.313097,460003552.000000,,
BATTERY,12,25.151588,461006016.000000,,
BATTERY,12,25.150169,461009057.000000,,
BATTERY,12,25.150139,461009248.000000,,
BATTERY,12,25.150040,461009440.000000,,
BATTERY,12,24.988842,462009984.000000,,
BATTERY,12,24.987423,462013025.000000,,
BATTERY,12,24.987392,462013216.000000,,
BATTERY,12,24.987294,462013408.000000,,
BATTERY,12,24.828271,463000448.000000,,
BATTERY,12,24.826851,463003489.000000,,
BATTERY,12,24.826821,463003680.000000,,
BATTERY,12,24.826722,463003872.000000,,
BATTERY,12,24.665266,464006016.000000,,
BATTERY,12,24.663847,464009057.000000,,
BATTERY,12,24.663345,464012172.800000,,
BATTERY,12,24.661926,464015213.800000,,
BATTERY,12,24.661895,464015404.800000,,
BATTERY,12,24.661797,464015596.800000,,
BATTERY,12,24.502023,465007296.000000,,
BATTERY,12,24.500604,465010337.000000,,
BATTERY,12,24.500573,465010528.000000,,
BATTERY,12,24.500475,465010720.000000,,
BATTERY,12,24.341070,466000128.000000,,
BATTERY,12,24.339651,466003169.000000,,
BATTERY,12,24.339620,466003360.000000,,
BATTERY,12,24.339522,466003552.000000,,
BATTERY,12,24.178963,467000128.000000,,
BATTERY,12,24.177544,467003169.000000,,
BATTERY,12,24.177513,467003360.000000,,
BATTERY,12,24.177415,467003552.000000,,
BATTERY,12,24.016701,468001088.000000,,
BATTERY,12,24.015282,468004129.000000,,
BATTERY,12,24.015251,468004320.000000,,
BATTERY,12,24.015153,468004512.000000,,
BATTERY,12,23.854696,469000448.000000,,
BATTERY,12,23.853277,469003489.000000,,
BATTERY,12,23.853246,469003680.000000,,
BATTERY,12,23.853148,469003872.000000,,
BATTERY,12,23.692434,470001408.000000,,
BATTERY,12,23.691015,470004449.000000,,
BATTERY,12,23.690984,470004640.000000,,
BATTERY,12,23.690886,470004832.000000,,
BATTERY,12,23.530430,471000768.000000,,
BATTERY,12,23.529011,471003809.000000,,
BATTERY,12,23.528980,471004000.000000,,
BATTERY,12,23.528882,471004192.000000,,
BATTERY,12,23.368168,472001728.000000,,
BATTERY,12,23.366748,472004769.000000,,
BATTERY,12,23.366718,472004960.000000,,
BATTERY,12,23.366620,472005152.000000,,
BATTERY,12,23.205390,473005888.000000,,
BATTERY,12,23.203971,473008929.000000,,
BATTERY,12,23.203940,473009120.000000,,
BATTERY,12,23.203842,473009312.000000,,
BATTERY,12,23.203718,473010081.000000,,
BATTERY,12,23.202299,473013122.000000,,
BATTERY,12,23.202268,473013313.000000,,
BATTERY,12,23.202170,473013505.000000,,
BATTERY,12,23.043162,474000448.000000,,
BATTERY,12,23.041743,474003489.000000,,
BATTERY,12,23.041712,474003680.000000,,
BATTERY,12,23.041614,474003872.000000,,
BATTERY,12,22.881055,475000448.000000,,
BATTERY,12,22.879636,475003489.000000,,
BATTERY,12,22.879605,475003680.000000,,
BATTERY,12,22.879507,475003872.000000,,
BATTERY,12,22.878860,475007884.800000,,
BATTERY,12,22.877441,475010925.800000,,
BATTERY,12,22.877249,475012121.600000,,
BATTERY,12,22.875829,475015162.600000,,
BATTERY,12,22.875799,475015353.600000,,
BATTERY,12,22.875700,475015545.600000,,
BATTERY,12,22.716300,476004928.000000,,
BATTERY,12,22.714881,476007969.000000,,
BATTERY,12,22.714850,476008160.000000,,
BATTERY,12,22.714752,476008352.000000,,
BATTERY,12,22.554914,477000448.000000,,
BATTERY,12,22.553495,477003489.000000,,
BATTERY,12,22.553464,477003680.000000,,
BATTERY,12,22.553366,477003872.000000,,
BATTERY,12,22.392858,478000128.000000,,
BATTERY,12,22.391439,478003169.000000,,
BATTERY,12,22.391408,478003360.000000,,
BATTERY,12,22.391310,478003552.000000,,
BATTERY,12,22.230699,479000448.000000,,
BATTERY,12,22.229280,479003489.000000,,
BATTERY,12,22.229249,479003680.000000,,
BATTERY,12,22.229151,479003872.000000,,
BATTERY,12,22.066200,480015296.000000,,
BATTERY,12,22.064780,480018337.000000,,
BATTERY,12,22.064750,480018528.000000,,
BATTERY,12,22.064652,480018720.000000,,
BATTERY,12,21.906381,481001088.000000,,
BATTERY,12,21.904962,481004129.000000,,
BATTERY,12,21.904931,481004320.000000,,
BATTERY,12,21.904833,481004512.000000,,
BATTERY,12,21.904290,481007884.800000,,
BATTERY,12,21.902871,481010925.800000,,
BATTERY,12,21.902840,481011116.800000,,
BATTERY,12,21.902742,481011308.800000,,
BATTERY,12,21.741607,482011456.000000,,
BATTERY,12,21.740188,482014497.000000,,
BATTERY,12,21.740157,482014688.000000,,
BATTERY,12,21.740059,482014880.000000,,
BATTERY,12,21.579860,483009216.000000,,
BATTERY,12,21.578441,483012257.000000,,
BATTERY,12,21.578410,483012448.000000,,
BATTERY,12,21.578312,483012640.000000,,
BATTERY,12,21.417856,484008576.000000,,
BATTERY,12,21.416437,484011617.000000,,
BATTERY,12,21.416406,484011808.000000,,
BATTERY,12,21.416308,484012000.000000,,
BATTERY,12,21.254686,485015168.000000,,
BATTERY,12,21.253267,485018209.000000,,
BATTERY,12,21.253236,485018400.000000,,
BATTERY,12,21.253138,485018592.000000,,
BATTERY,12,21.093352,486010368.000000,,
BATTERY,12,21.091933,486013409.000000,,
BATTERY,12,21.091902,486013600.000000,,
BATTERY,12,21.091804,486013792.000000,,
BATTERY,12,20.932791,487000768.000000,,
BATTERY,12,20.931372,487003809.000000,,
BATTERY,12,20.931341,487004000.000000,,
BATTERY,12,20.931243,487004192.000000,,
BATTERY,12,20.768879,488011968.000000,,
BATTERY,12,20.767460,488015009.000000,,
BATTERY,12,20.767429,488015200.000000,,
BATTERY,12,20.767331,488015392.000000,,
BATTERY,12,20.608525,489001088.000000,,
BATTERY,12,20.607106,489004129.000000,,
BATTERY,12,20.607075,489004320.000000,,
BATTERY,12,20.606977,489004512.000000,,
BATTERY,12,20.446520,490000448.000000,,
BATTERY,12,20.445101,490003489.000000,,
BATTERY,12,20.445070,490003680.000000,,
BATTERY,12,20.444972,490003872.000000,,
BATTERY,12,20.284464,491000128.000000,,
BATTERY,12,20.283045,491003169.000000,,
BATTERY,12,20.283014,491003360.000000,,
BATTERY,12,20.282916,491003552.000000,,
BATTERY,12,20.121687,492004288.000000,,
BATTERY,12,20.120267,492007329.000000,,
BATTERY,12,20.120237,492007520.000000,,
BATTERY,12,20.120139,492007712.000000,,
BATTERY,12,19.958239,493012608.000000,,
BATTERY,12,19.956820,493015649.000000,,
BATTERY,12,19.956789,493015840.000000,,
BATTERY,12,19.956691,493016032.000000,,
BATTERY,12,19.797936,494001408.000000,,
BATTERY,12,19.796516,494004449.000000,,
BATTERY,12,19.796486,494004640.000000,,
BATTERY,12,19.796388,494004832.000000,,
BATTERY,12,19.633333,495016896.000000,,
BATTERY,12,19.631914,495019937.000000,,
BATTERY,12,19.631883,495020128.000000,,
BATTERY,12,19.631785,495020320.000000,,
BATTERY,12,19.471401,496015808.000000,,
BATTERY,12,19.469981,496018849.000000,,
BATTERY,12,19.469951,496019040.000000,,
BATTERY,12,19.469853,496019232.000000,,
BATTERY,12,19.311768,497000448.000000,,
BATTERY,12,19.310349,497003489.000000,,
BATTERY,12,19.310318,497003680.000000,,
BATTERY,12,19.310220,497003872.000000,,
BATTERY,12,19.148938,498004928.000000,,
BATTERY,12,19.147519,498007969.000000,,
BATTERY,12,19.147489,498008160.000000,,
BATTERY,12,19.147390,498008352.000000,,
BATTERY,12,18.987295,499002048.000000,,
BATTERY,12,18.985876,499005089.000000,,
BATTERY,12,18.985845,499005280.000000,,
BATTERY,12,18.985747,499005472.000000,,
BATTERY,12,18.982208,499027437.800000,,
