BATTERY,2,99.999876,768.000000,,
BATTERY,2,99.999144,2337.000000,,
BATTERY,2,99.999041,2977.000000,,
BATTERY,2,99.998338,4353.000000,,
BATTERY,2,99.997806,7650.000000,,
BATTERY,2,99.997806,7650.000000,,
BATTERY,2,99.997528,9379.000000,,
BATTERY,2,99.996811,10916.000000,,
BATTERY,2,99.996780,11107.000000,,
BATTERY,2,99.996682,11299.000000,,
BATTERY,2,99.996372,13220.000000,,
BATTERY,2,99.995342,15236.000000,,
BATTERY,2,99.995342,15236.000000,,
BATTERY,2,99.995162,15621.000000,,
BATTERY,2,99.995038,16389.000000,,
BATTERY,2,99.994306,17958.000000,,
BATTERY,2,99.993135,25226.000000,,
BATTERY,2,99.992448,26570.000000,,
BATTERY,2,99.992448,26570.000000,,
BATTERY,2,99.992269,26955.000000,,
BATTERY,2,99.991706,30448.000000,,
BATTERY,2,99.990974,32017.000000,,
BATTERY,2,99.990649,34033.000000,,
BATTERY,2,99.990649,34033.000000,,
BATTERY,2,99.990480,35081.000000,,
BATTERY,2,99.989711,36585.000000,,
BATTERY,2,99.989417,38410.000000,,
BATTERY,2,99.989417,38410.000000,,
BATTERY,2,99.989123,40235.000000,,
BATTERY,2,99.989123,40235.000000,,
BATTERY,2,99.988814,42155.000000,,
BATTERY,2,99.988814,42155.000000,,
BATTERY,2,99.988793,42284.000000,,
BATTERY,2,99.988001,43981.000000,,
BATTERY,2,99.987883,44716.000000,,
BATTERY,2,99.987114,46220.000000,,
BATTERY,2,99.986769,48365.000000,,
BATTERY,2,99.986769,48365.000000,,
BATTERY,2,99.986418,50543.000000,,
BATTERY,2,99.986418,50543.000000,,
BATTERY,2,99.985242,57841.000000,,
BATTERY,2,99.985242,57841.000000,,
BATTERY,2,99.984618,61714.000000,,
BATTERY,2,99.984618,61714.000000,,
BATTERY,2,99.982235,76502.000000,,
BATTERY,2,99.981467,78006.000000,,
BATTERY,2,99.908419,531408.000000,,
BATTERY,2,99.907686,532977.000000,,
BATTERY,2,99.907035,537021.000000,,
BATTERY,2,99.907035,537021.000000,,
BATTERY,2,99.906586,539806.000000,,
BATTERY,2,99.906586,539806.000000,,
BATTERY,2,99.906241,541951.000000,,
BATTERY,2,99.906241,541951.000000,,
BATTERY,2,99.906086,542912.000000,,
BATTERY,2,99.905317,544416.000000,,
BATTERY,2,99.904817,547521.000000,,
BATTERY,2,99.904817,547521.000000,,
BATTERY,2,99.904157,551619.000000,,
BATTERY,2,99.904157,551619.000000,,
BATTERY,2,99.903342,556677.000000,,
BATTERY,2,99.903342,556677.000000,,
BATTERY,2,99.830716,1007457.000000,,
BATTERY,2,99.829686,1009473.000000,,
BATTERY,2,99.829686,1009473.000000,,
BATTERY,2,99.829506,1009858.000000,,
BATTERY,2,99.829279,1011266.000000,,
BATTERY,2,99.828308,1013347.000000,,
BATTERY,2,99.828277,1013538.000000,,
BATTERY,2,99.828179,1013730.000000,,
BATTERY,2,99.827864,1015684.000000,,
BATTERY,2,99.826833,1017893.000000,,
BATTERY,2,99.826803,1018084.000000,,
BATTERY,2,99.826704,1018276.000000,,
BATTERY,2,99.825554,1025414.000000,,
BATTERY,2,99.824589,1027302.000000,,
BATTERY,2,99.824589,1027302.000000,,
BATTERY,2,99.824410,1027687.000000,,
BATTERY,2,99.824100,1029607.000000,,
BATTERY,2,99.822154,1033415.000000,,
BATTERY,2,99.822154,1033415.000000,,
BATTERY,2,99.821974,1033800.000000,,
BATTERY,2,99.821541,1036488.000000,,
BATTERY,2,99.820570,1038569.000000,,
BATTERY,2,99.820539,1038760.000000,,
BATTERY,2,99.820441,1038952.000000,,
BATTERY,2,99.820317,1039721.000000,,
BATTERY,2,99.818525,1043562.000000,,
BATTERY,2,99.818494,1043753.000000,,
BATTERY,2,99.818396,1043945.000000,,
BATTERY,2,99.817983,1046506.000000,,
BATTERY,2,99.817019,1048394.000000,,
BATTERY,2,99.817019,1048394.000000,,
BATTERY,2,99.816839,1048779.000000,,
BATTERY,2,99.816430,1051314.000000,,
BATTERY,2,99.815727,1052690.000000,,
BATTERY,2,99.813758,1064911.000000,,
BATTERY,2,99.813758,1064911.000000,,
BATTERY,2,99.806813,1108021.000000,,
BATTERY,2,99.806109,1109397.000000,,
BATTERY,2,99.802064,1134508.000000,,
BATTERY,2,99.801360,1135884.000000,,
BATTERY,2,99.737740,1530768.000000,,
BATTERY,2,99.737008,1532337.000000,,
BATTERY,2,99.735959,1538847.000000,,
BATTERY,2,99.735959,1538847.000000,,
BATTERY,2,99.735665,1540672.000000,,
BATTERY,2,99.735665,1540672.000000,,
BATTERY,2,99.735426,1542154.000000,,
BATTERY,2,99.734658,1543658.000000,,
BATTERY,2,99.734345,1545602.000000,,
BATTERY,2,99.734345,1545602.000000,,
BATTERY,2,99.734278,1546018.000000,,
BATTERY,2,99.733509,1547522.000000,,
BATTERY,2,99.730915,1563624.000000,,
BATTERY,2,99.730162,1565096.000000,,
BATTERY,2,99.730162,1565096.000000,,
BATTERY,2,99.729983,1565481.000000,,
BATTERY,2,99.729859,1566249.000000,,
BATTERY,2,99.728440,1569290.000000,,
BATTERY,2,99.728409,1569481.000000,,
BATTERY,2,99.728311,1569673.000000,,
BATTERY,2,99.728238,1570122.000000,,
BATTERY,2,99.726819,1573163.000000,,
BATTERY,2,99.726789,1573354.000000,,
BATTERY,2,99.726690,1573546.000000,,
BATTERY,2,99.716714,1635468.000000,,
BATTERY,2,99.716011,1636844.000000,,
BATTERY,2,99.657379,2000768.000000,,
BATTERY,2,99.655959,2003809.000000,,
BATTERY,2,99.655929,2004000.000000,,
BATTERY,2,99.655831,2004192.000000,,
BATTERY,2,99.554331,2634188.000000,,
BATTERY,2,99.553628,2635564.000000,,
BATTERY,2,99.552969,2639655.000000,,
BATTERY,2,99.552969,2639655.000000,,
BATTERY,2,99.552606,2641910.000000,,
BATTERY,2,99.552606,2641910.000000,,
BATTERY,2,99.552208,2644375.000000,,
BATTERY,2,99.552208,2644375.000000,,
BATTERY,2,99.551204,2650612.000000,,
BATTERY,2,99.551204,2650612.000000,,
BATTERY,2,99.494789,3000768.000000,,
BATTERY,2,99.493370,3003809.000000,,
BATTERY,2,99.493340,3004000.000000,,
BATTERY,2,99.493241,3004192.000000,,
BATTERY,2,99.332785,4000128.000000,,
BATTERY,2,99.331366,4003169.000000,,
BATTERY,2,99.331335,4003360.000000,,
BATTERY,2,99.331237,4003552.000000,,
BATTERY,2,99.229377,4635788.000000,,
BATTERY,2,99.228674,4637164.000000,,
BATTERY,2,99.226981,4647671.000000,,
BATTERY,2,99.226981,4647671.000000,,
BATTERY,2,99.226506,4650618.000000,,
BATTERY,2,99.226506,4650618.000000,,
BATTERY,2,99.225954,4654043.000000,,
BATTERY,2,99.225954,4654043.000000,,
BATTERY,2,99.168082,5013248.000000,,
BATTERY,2,99.166663,5016289.000000,,
BATTERY,2,99.166632,5016480.000000,,
BATTERY,2,99.166534,5016672.000000,,
BATTERY,2,99.134598,5214894.000000,,
BATTERY,2,99.134598,5214894.000000,,
BATTERY,2,99.133315,5222859.000000,,
BATTERY,2,99.132481,5224491.000000,,
BATTERY,2,99.132166,5226444.000000,,
BATTERY,2,99.132166,5226444.000000,,
BATTERY,2,99.007466,6000448.000000,,
BATTERY,2,99.006047,6003489.000000,,
BATTERY,2,99.006016,6003680.000000,,
BATTERY,2,99.005918,6003872.000000,,
BATTERY,2,98.845307,7000768.000000,,
BATTERY,2,98.843888,7003809.000000,,
BATTERY,2,98.843857,7004000.000000,,
BATTERY,2,98.843759,7004192.000000,,
BATTERY,2,98.681529,8011136.000000,,
BATTERY,2,98.680110,8014177.000000,,
BATTERY,2,98.680079,8014368.000000,,
BATTERY,2,98.679981,8014560.000000,,
BATTERY,2,98.519236,9012288.000000,,
BATTERY,2,98.517817,9015329.000000,,
BATTERY,2,98.517786,9015520.000000,,
BATTERY,2,98.517688,9015712.000000,,
BATTERY,2,98.474650,9282844.000000,,
BATTERY,2,98.473946,9284220.000000,,
BATTERY,2,98.357935,10004288.000000,,
BATTERY,2,98.356516,10007329.000000,,
BATTERY,2,98.356486,10007520.000000,,
BATTERY,2,98.356387,10007712.000000,,
BATTERY,2,98.213852,10892416.000000,,
BATTERY,2,98.213852,10892416.000000,,
BATTERY,2,98.212656,10899836.000000,,
BATTERY,2,98.212656,10899836.000000,,
BATTERY,2,98.212290,10902109.000000,,
BATTERY,2,98.212290,10902109.000000,,
BATTERY,2,98.196447,11000448.000000,,
BATTERY,2,98.195027,11003489.000000,,
BATTERY,2,98.194997,11003680.000000,,
BATTERY,2,98.194899,11003872.000000,,
BATTERY,2,98.032174,12013888.000000,,
BATTERY,2,98.030755,12016929.000000,,
BATTERY,2,98.030724,12017120.000000,,
BATTERY,2,98.030626,12017312.000000,,
BATTERY,2,97.872128,13001088.000000,,
BATTERY,2,97.870709,13004129.000000,,
BATTERY,2,97.870679,13004320.000000,,
BATTERY,2,97.870580,13004512.000000,,
BATTERY,2,97.709815,14002368.000000,,
BATTERY,2,97.708396,14005409.000000,,
BATTERY,2,97.707275,14012364.800000,,
BATTERY,2,97.705856,14015405.800000,,
BATTERY,2,97.705825,14015596.800000,,
BATTERY,2,97.705727,14015788.800000,,
BATTERY,2,97.546984,15001088.000000,,
BATTERY,2,97.545565,15004129.000000,,
BATTERY,2,97.545534,15004320.000000,,
BATTERY,2,97.545436,15004512.000000,,
BATTERY,2,97.384825,16001408.000000,,
BATTERY,2,97.383406,16004449.000000,,
BATTERY,2,97.383375,16004640.000000,,
BATTERY,2,97.383277,16004832.000000,,
BATTERY,2,97.220893,17012736.000000,,
BATTERY,2,97.219474,17015777.000000,,
BATTERY,2,97.219443,17015968.000000,,
BATTERY,2,97.219345,17016160.000000,,
BATTERY,2,97.060765,18000448.000000,,
BATTERY,2,97.059346,18003489.000000,,
BATTERY,2,97.059315,18003680.000000,,
BATTERY,2,97.059217,18003872.000000,,
BATTERY,2,96.898657,19000448.000000,,
BATTERY,2,96.897238,19003489.000000,,
BATTERY,2,96.897207,19003680.000000,,
BATTERY,2,96.897109,19003872.000000,,
BATTERY,2,96.736344,20001728.000000,,
BATTERY,2,96.734925,20004769.000000,,
BATTERY,2,96.734894,20004960.000000,,
BATTERY,2,96.734796,20005152.000000,,
BATTERY,2,96.573803,21004416.000000,,
BATTERY,2,96.572384,21007457.000000,,
BATTERY,2,96.572353,21007648.000000,,
BATTERY,2,96.572255,21007840.000000,,
BATTERY,2,96.412077,22002048.000000,,
BATTERY,2,96.410658,22005089.000000,,
BATTERY,2,96.409774,22010572.800000,,
BATTERY,2,96.408355,22013613.800000,,
BATTERY,2,96.408325,22013804.800000,,
BATTERY,2,96.408226,22013996.800000,,
BATTERY,2,96.248628,23004608.000000,,
BATTERY,2,96.247209,23007649.000000,,
BATTERY,2,96.247178,23007840.000000,,
BATTERY,2,96.247080,23008032.000000,,
BATTERY,2,96.085799,24009088.000000,,
BATTERY,2,96.084380,24012129.000000,,
BATTERY,2,96.084349,24012320.000000,,
BATTERY,2,96.084251,24012512.000000,,
BATTERY,2,95.923155,25012416.000000,,
BATTERY,2,95.921736,25015457.000000,,
BATTERY,2,95.921705,25015648.000000,,
BATTERY,2,95.921607,25015840.000000,,
BATTERY,2,95.761151,26011776.000000,,
BATTERY,2,95.759731,26014817.000000,,
BATTERY,2,95.759701,26015008.000000,,
BATTERY,2,95.759603,26015200.000000,,
BATTERY,2,95.600817,27000768.000000,,
BATTERY,2,95.599397,27003809.000000,,
BATTERY,2,95.599367,27004000.000000,,
BATTERY,2,95.599269,27004192.000000,,
BATTERY,2,95.438761,28000448.000000,,
BATTERY,2,95.437341,28003489.000000,,
BATTERY,2,95.437311,28003680.000000,,
BATTERY,2,95.437213,28003872.000000,,
BATTERY,2,95.274230,29015488.000000,,
BATTERY,2,95.272811,29018529.000000,,
BATTERY,2,95.272780,29018720.000000,,
BATTERY,2,95.272682,29018912.000000,,
BATTERY,2,95.112999,30010048.000000,,
BATTERY,2,95.111580,30013089.000000,,
BATTERY,2,95.111549,30013280.000000,,
BATTERY,2,95.111451,30013472.000000,,
BATTERY,2,94.950716,31011136.000000,,
BATTERY,2,94.949297,31014177.000000,,
BATTERY,2,94.949266,31014368.000000,,
BATTERY,2,94.949168,31014560.000000,,
BATTERY,2,94.789815,32003648.000000,,
BATTERY,2,94.788396,32006689.000000,,
BATTERY,2,94.787378,32013004.800000,,
BATTERY,2,94.785959,32016045.800000,,
BATTERY,2,94.785096,32021401.600000,,
BATTERY,2,94.783677,32024442.600000,,
BATTERY,2,94.783646,32024633.600000,,
BATTERY,2,94.783548,32024825.600000,,
BATTERY,2,94.626416,33000128.000000,,
BATTERY,2,94.624997,33003169.000000,,
BATTERY,2,94.624966,33003360.000000,,
BATTERY,2,94.624868,33003552.000000,,
BATTERY,2,94.464309,34000128.000000,,
BATTERY,2,94.462890,34003169.000000,,
BATTERY,2,94.462859,34003360.000000,,
BATTERY,2,94.462761,34003552.000000,,
BATTERY,2,94.302150,35000448.000000,,
BATTERY,2,94.300731,35003489.000000,,
BATTERY,2,94.300700,35003680.000000,,
BATTERY,2,94.300602,35003872.000000,,
BATTERY,2,94.140094,36000128.000000,,
BATTERY,2,94.138675,36003169.000000,,
BATTERY,2,94.138644,36003360.000000,,
BATTERY,2,94.138546,36003552.000000,,
BATTERY,2,93.977935,37000448.000000,,
BATTERY,2,93.976516,37003489.000000,,
BATTERY,2,93.976485,37003680.000000,,
BATTERY,2,93.976387,37003872.000000,,
BATTERY,2,93.815776,38000768.000000,,
BATTERY,2,93.814356,38003809.000000,,
BATTERY,2,93.814326,38004000.000000,,
BATTERY,2,93.814228,38004192.000000,,
BATTERY,2,93.653410,39002368.000000,,
BATTERY,2,93.651991,39005409.000000,,
BATTERY,2,93.651489,39008524.800000,,
BATTERY,2,93.650070,39011565.800000,,
BATTERY,2,93.649877,39012761.600000,,
BATTERY,2,93.648458,39015802.600000,,
BATTERY,2,93.648428,39015993.600000,,
BATTERY,2,93.648329,39016185.600000,,
BATTERY,2,93.489702,40000768.000000,,
BATTERY,2,93.488283,40003809.000000,,
BATTERY,2,93.487245,40010252.800000,,
BATTERY,2,93.485826,40013293.800000,,
BATTERY,2,93.485795,40013484.800000,,
BATTERY,2,93.485697,40013676.800000,,
BATTERY,2,93.326769,41000128.000000,,
BATTERY,2,93.325350,41003169.000000,,
BATTERY,2,93.325319,41003360.000000,,
BATTERY,2,93.325221,41003552.000000,,
BATTERY,2,93.162547,42013248.000000,,
BATTERY,2,93.161128,42016289.000000,,
BATTERY,2,93.161097,42016480.000000,,
BATTERY,2,93.160999,42016672.000000,,
BATTERY,2,93.001883,43004288.000000,,
BATTERY,2,93.000464,43007329.000000,,
BATTERY,2,93.000433,43007520.000000,,
BATTERY,2,93.000335,43007712.000000,,
BATTERY,2,92.840240,44001408.000000,,
BATTERY,2,92.838821,44004449.000000,,
BATTERY,2,92.838790,44004640.000000,,
BATTERY,2,92.838692,44004832.000000,,
BATTERY,2,92.678339,45000128.000000,,
BATTERY,2,92.676919,45003169.000000,,
BATTERY,2,92.676889,45003360.000000,,
BATTERY,2,92.676791,45003552.000000,,
BATTERY,2,92.516180,46000448.000000,,
BATTERY,2,92.514760,46003489.000000,,
BATTERY,2,92.514730,46003680.000000,,
BATTERY,2,92.514632,46003872.000000,,
BATTERY,2,92.353350,47004928.000000,,
BATTERY,2,92.351931,47007969.000000,,
BATTERY,2,92.351900,47008160.000000,,
BATTERY,2,92.351802,47008352.000000,,
BATTERY,2,92.191965,48000448.000000,,
BATTERY,2,92.190545,48003489.000000,,
BATTERY,2,92.190515,48003680.000000,,
BATTERY,2,92.190417,48003872.000000,,
BATTERY,2,92.029909,49000128.000000,,
BATTERY,2,92.028489,49003169.000000,,
BATTERY,2,92.028459,49003360.000000,,
BATTERY,2,92.028361,49003552.000000,,
BATTERY,2,92.027869,49006604.800000,,
BATTERY,2,92.026450,49009645.800000,,
BATTERY,2,92.025226,49017241.600000,,
BATTERY,2,92.023807,49020282.600000,,
BATTERY,2,92.023305,49023398.400000,,
BATTERY,2,92.021886,49026439.400000,,
BATTERY,2,92.021855,49026630.400000,,
BATTERY,2,92.021757,49026822.400000,,
BATTERY,2,91.864792,50001088.000000,,
BATTERY,2,91.863373,50004129.000000,,
BATTERY,2,91.863342,50004320.000000,,
BATTERY,2,91.863244,50004512.000000,,
BATTERY,2,91.701942,51005696.000000,,
BATTERY,2,91.700523,51008737.000000,,
BATTERY,2,91.700492,51008928.000000,,
BATTERY,2,91.700394,51009120.000000,,
BATTERY,2,91.540628,52000768.000000,,
BATTERY,2,91.539209,52003809.000000,,
BATTERY,2,91.539178,52004000.000000,,
BATTERY,2,91.539080,52004192.000000,,
BATTERY,2,91.378521,53000768.000000,,
BATTERY,2,91.377102,53003809.000000,,
BATTERY,2,91.376857,53005324.800000,,
BATTERY,2,91.375438,53008365.800000,,
BATTERY,2,91.374936,53011481.600000,,
BATTERY,2,91.373517,53014522.600000,,
BATTERY,2,91.373486,53014713.600000,,
BATTERY,2,91.373388,53014905.600000,,
BATTERY,2,91.211925,54017088.000000,,
BATTERY,2,91.210506,54020129.000000,,
BATTERY,2,91.210476,54020320.000000,,
BATTERY,2,91.210377,54020512.000000,,
BATTERY,2,91.051777,55004928.000000,,
BATTERY,2,91.050358,55007969.000000,,
BATTERY,2,91.050327,55008160.000000,,
BATTERY,2,91.050229,55008352.000000,,
BATTERY,2,90.890288,56001088.000000,,
BATTERY,2,90.888869,56004129.000000,,
BATTERY,2,90.888838,56004320.000000,,
BATTERY,2,90.888740,56004512.000000,,
BATTERY,2,90.728232,57000768.000000,,
BATTERY,2,90.726813,57003809.000000,,
BATTERY,2,90.726782,57004000.000000,,
BATTERY,2,90.726684,57004192.000000,,
BATTERY,2,90.565919,58002048.000000,,
BATTERY,2,90.564499,58005089.000000,,
BATTERY,2,90.564469,58005280.000000,,
BATTERY,2,90.564370,58005472.000000,,
BATTERY,2,90.403811,59002048.000000,,
BATTERY,2,90.402392,59005089.000000,,
BATTERY,2,90.401148,59012812.800000,,
BATTERY,2,90.399728,59015853.800000,,
BATTERY,2,90.399698,59016044.800000,,
BATTERY,2,90.399599,59016236.800000,,
BATTERY,2,90.240981,60000768.000000,,
BATTERY,2,90.239561,60003809.000000,,
BATTERY,2,90.239531,60004000.000000,,
BATTERY,2,90.239433,60004192.000000,,
BATTERY,2,90.078182,61005056.000000,,
BATTERY,2,90.076763,61008097.000000,,
BATTERY,2,90.076732,61008288.000000,,
BATTERY,2,90.076634,61008480.000000,,
BATTERY,2,89.916817,62000448.000000,,
BATTERY,2,89.915398,62003489.000000,,
BATTERY,2,89.915367,62003680.000000,,
BATTERY,2,89.915269,62003872.000000,,
BATTERY,2,89.754658,63000768.000000,,
BATTERY,2,89.753239,63003809.000000,,
BATTERY,2,89.753208,63004000.000000,,
BATTERY,2,89.753110,63004192.000000,,
BATTERY,2,89.590519,64013376.000000,,
BATTERY,2,89.589100,64016417.000000,,
BATTERY,2,89.589069,64016608.000000,,
BATTERY,2,89.588971,64016800.000000,,
BATTERY,2,89.430546,65000128.000000,,
BATTERY,2,89.429127,65003169.000000,,
BATTERY,2,89.429096,65003360.000000,,
BATTERY,2,89.428998,65003552.000000,,
BATTERY,2,89.266686,66011008.000000,,
BATTERY,2,89.265267,66014049.000000,,
BATTERY,2,89.265236,66014240.000000,,
BATTERY,2,89.265138,66014432.000000,,
BATTERY,2,89.105712,67003968.000000,,
BATTERY,2,89.104293,67007009.000000,,
BATTERY,2,89.103224,67013644.800000,,
BATTERY,2,89.101805,67016685.800000,,
BATTERY,2,89.099963,67028121.600000,,
BATTERY,2,89.098544,67031162.600000,,
BATTERY,2,89.098513,67031353.600000,,
BATTERY,2,89.098415,67031545.600000,,
BATTERY,2,88.939818,68015936.000000,,
BATTERY,2,88.938399,68018977.000000,,
BATTERY,2,88.938368,68019168.000000,,
BATTERY,2,88.938270,68019360.000000,,
BATTERY,2,88.780155,69000768.000000,,
BATTERY,2,88.778735,69003809.000000,,
BATTERY,2,88.778705,69004000.000000,,
BATTERY,2,88.778607,69004192.000000,,
BATTERY,2,88.777393,69011724.800000,,
BATTERY,2,88.775974,69014765.800000,,
BATTERY,2,88.775943,69014956.800000,,
BATTERY,2,88.775845,69015148.800000,,
BATTERY,2,88.617051,70000768.000000,,
BATTERY,2,88.615632,70003809.000000,,
BATTERY,2,88.615601,70004000.000000,,
BATTERY,2,88.615503,70004192.000000,,
BATTERY,2,88.454943,71000768.000000,,
BATTERY,2,88.453524,71003809.000000,,
BATTERY,2,88.453493,71004000.000000,,
BATTERY,2,88.453395,71004192.000000,,
BATTERY,2,88.292681,72001728.000000,,
BATTERY,2,88.291262,72004769.000000,,
BATTERY,2,88.291231,72004960.000000,,
BATTERY,2,88.291133,72005152.000000,,
BATTERY,2,88.129852,73006208.000000,,
BATTERY,2,88.128433,73009249.000000,,
BATTERY,2,88.128402,73009440.000000,,
BATTERY,2,88.128304,73009632.000000,,
BATTERY,2,87.968672,74000448.000000,,
BATTERY,2,87.967253,74003489.000000,,
BATTERY,2,87.967222,74003680.000000,,
BATTERY,2,87.967124,74003872.000000,,
BATTERY,2,87.805946,75004288.000000,,
BATTERY,2,87.804527,75007329.000000,,
BATTERY,2,87.801757,75024524.800000,,
BATTERY,2,87.800337,75027565.800000,,
BATTERY,2,87.800307,75027756.800000,,
BATTERY,2,87.800208,75027948.800000,,
BATTERY,2,87.643373,76001408.000000,,
BATTERY,2,87.641954,76004449.000000,,
BATTERY,2,87.641923,76004640.000000,,
BATTERY,2,87.641825,76004832.000000,,
BATTERY,2,87.480596,77005568.000000,,
BATTERY,2,87.479177,77008609.000000,,
BATTERY,2,87.479146,77008800.000000,,
BATTERY,2,87.479048,77008992.000000,,
BATTERY,2,87.319313,78000448.000000,,
BATTERY,2,87.317894,78003489.000000,,
BATTERY,2,87.317863,78003680.000000,,
BATTERY,2,87.317765,78003872.000000,,
BATTERY,2,87.157257,79000128.000000,,
BATTERY,2,87.155838,79003169.000000,,
BATTERY,2,87.155807,79003360.000000,,
BATTERY,2,87.155709,79003552.000000,,
BATTERY,2,86.995150,80000128.000000,,
BATTERY,2,86.993730,80003169.000000,,
BATTERY,2,86.993700,80003360.000000,,
BATTERY,2,86.993602,80003552.000000,,
BATTERY,2,86.832887,81001088.000000,,
BATTERY,2,86.831468,81004129.000000,,
BATTERY,2,86.831437,81004320.000000,,
BATTERY,2,86.831339,81004512.000000,,
BATTERY,2,86.670728,82001408.000000,,
BATTERY,2,86.669309,82004449.000000,,
BATTERY,2,86.669278,82004640.000000,,
BATTERY,2,86.669180,82004832.000000,,
BATTERY,2,86.508827,83000128.000000,,
BATTERY,2,86.507408,83003169.000000,,
BATTERY,2,86.507377,83003360.000000,,
BATTERY,2,86.507279,83003552.000000,,
BATTERY,2,86.346462,84001728.000000,,
BATTERY,2,86.345043,84004769.000000,,
BATTERY,2,86.345012,84004960.000000,,
BATTERY,2,86.344914,84005152.000000,,
BATTERY,2,86.184612,85000128.000000,,
BATTERY,2,86.183193,85003169.000000,,
BATTERY,2,86.183162,85003360.000000,,
BATTERY,2,86.183064,85003552.000000,,
BATTERY,2,86.020288,86013888.000000,,
BATTERY,2,86.018869,86016929.000000,,
BATTERY,2,86.018838,86017120.000000,,
BATTERY,2,86.018740,86017312.000000,,
BATTERY,2,85.860242,87001088.000000,,
BATTERY,2,85.858823,87004129.000000,,
BATTERY,2,85.856775,87016844.800000,,
BATTERY,2,85.855355,87019885.800000,,
BATTERY,2,85.855325,87020076.800000,,
BATTERY,2,85.855227,87020268.800000,,
BATTERY,2,85.695814,88009728.000000,,
BATTERY,2,85.694395,88012769.000000,,
BATTERY,2,85.694364,88012960.000000,,
BATTERY,2,85.694266,88013152.000000,,
BATTERY,2,85.535150,89000768.000000,,
BATTERY,2,85.533731,89003809.000000,,
BATTERY,2,85.533700,89004000.000000,,
BATTERY,2,85.533602,89004192.000000,,
BATTERY,2,85.372248,90005696.000000,,
BATTERY,2,85.370829,90008737.000000,,
BATTERY,2,85.370798,90008928.000000,,
BATTERY,2,85.370700,90009120.000000,,
BATTERY,2,85.209233,91011328.000000,,
BATTERY,2,85.207814,91014369.000000,,
BATTERY,2,85.207783,91014560.000000,,
BATTERY,2,85.207685,91014752.000000,,
BATTERY,2,85.048827,92000768.000000,,
BATTERY,2,85.047408,92003809.000000,,
BATTERY,2,85.047377,92004000.000000,,
BATTERY,2,85.047279,92004192.000000,,
BATTERY,2,84.886513,93002048.000000,,
BATTERY,2,84.885094,93005089.000000,,
BATTERY,2,84.885064,93005280.000000,,
BATTERY,2,84.884965,93005472.000000,,
BATTERY,2,84.724045,94004288.000000,,
BATTERY,2,84.722626,94007329.000000,,
BATTERY,2,84.722595,94007520.000000,,
BATTERY,2,84.722497,94007712.000000,,
BATTERY,2,84.562453,95001088.000000,,
BATTERY,2,84.561034,95004129.000000,,
BATTERY,2,84.561003,95004320.000000,,
BATTERY,2,84.560905,95004512.000000,,
BATTERY,2,84.400500,96000128.000000,,
BATTERY,2,84.399081,96003169.000000,,
BATTERY,2,84.399050,96003360.000000,,
BATTERY,2,84.398952,96003552.000000,,
BATTERY,2,84.238032,97002368.000000,,
BATTERY,2,84.236613,97005409.000000,,
BATTERY,2,84.075579,98004928.000000,,
BATTERY,2,84.074160,98007969.000000,,
BATTERY,2,84.074129,98008160.000000,,
BATTERY,2,84.074031,98008352.000000,,
BATTERY,2,84.073959,98008801.000000,,
BATTERY,2,84.072540,98011842.000000,,
BATTERY,2,84.072509,98012033.000000,,
BATTERY,2,84.072411,98012225.000000,,
BATTERY,2,83.912939,99002048.000000,,
BATTERY,2,83.911520,99005089.000000,,
BATTERY,2,83.911489,99005280.000000,,
BATTERY,2,83.911391,99005472.000000,,
BATTERY,2,83.589308,101004608.000000,,
BATTERY,2,83.587889,101007649.000000,,
BATTERY,2,83.427990,102000128.000000,,
BATTERY,2,83.426571,102003169.000000,,
BATTERY,2,83.426540,102003360.000000,,
BATTERY,2,83.426442,102003552.000000,,
BATTERY,2,83.425596,102008801.000000,,
BATTERY,2,83.424177,102011842.000000,,
BATTERY,2,83.424146,102012033.000000,,
BATTERY,2,83.424048,102012225.000000,,
BATTERY,2,83.263834,103006656.000000,,
BATTERY,2,83.262415,103009697.000000,,
BATTERY,2,83.262384,103009888.000000,,
BATTERY,2,83.262286,103010080.000000,,
BATTERY,2,83.102727,104000448.000000,,
BATTERY,2,83.101308,104003489.000000,,
BATTERY,2,83.101277,104003680.000000,,
BATTERY,2,83.101179,104003872.000000,,
BATTERY,2,82.938505,105013568.000000,,
BATTERY,2,82.937086,105016609.000000,,
BATTERY,2,82.937056,105016800.000000,,
BATTERY,2,82.936957,105016992.000000,,
BATTERY,2,82.778254,106002048.000000,,
BATTERY,2,82.776835,106005089.000000,,
BATTERY,2,82.776591,106006604.800000,,
BATTERY,2,82.775171,106009645.800000,,
BATTERY,2,82.775141,106009836.800000,,
BATTERY,2,82.775043,106010028.800000,,
BATTERY,2,82.615269,107001728.000000,,
BATTERY,2,82.613850,107004769.000000,,
BATTERY,2,82.612884,107010764.800000,,
BATTERY,2,82.611465,107013805.800000,,
BATTERY,2,82.611169,107015641.600000,,
BATTERY,2,82.609750,107018682.600000,,
BATTERY,2,82.609719,107018873.600000,,
BATTERY,2,82.609621,107019065.600000,,
BATTERY,2,82.450066,108009408.000000,,
BATTERY,2,82.448646,108012449.000000,,
BATTERY,2,82.448616,108012640.000000,,
BATTERY,2,82.448517,108012832.000000,,
BATTERY,2,82.287391,109012928.000000,,
BATTERY,2,82.285972,109015969.000000,,
BATTERY,2,82.285941,109016160.000000,,
BATTERY,2,82.285843,109016352.000000,,
BATTERY,2,82.127294,110000448.000000,,
BATTERY,2,82.125875,110003489.000000,,
BATTERY,2,82.125844,110003680.000000,,
BATTERY,2,82.125746,110003872.000000,,
BATTERY,2,81.965187,111000448.000000,,
BATTERY,2,81.963767,111003489.000000,,
BATTERY,2,81.963737,111003680.000000,,
BATTERY,2,81.963639,111003872.000000,,
BATTERY,2,81.803131,112000128.000000,,
BATTERY,2,81.801711,112003169.000000,,
BATTERY,2,81.799642,112016012.800000,,
BATTERY,2,81.798223,112019053.800000,,
BATTERY,2,81.798192,112019244.800000,,
BATTERY,2,81.798094,112019436.800000,,
BATTERY,2,81.638599,113009408.000000,,
BATTERY,2,81.637180,113012449.000000,,
BATTERY,2,81.637149,113012640.000000,,
BATTERY,2,81.637051,113012832.000000,,
BATTERY,2,81.477832,114001088.000000,,
BATTERY,2,81.476413,114004129.000000,,
BATTERY,2,81.476382,114004320.000000,,
BATTERY,2,81.476284,114004512.000000,,
BATTERY,2,81.315827,115000448.000000,,
BATTERY,2,81.314408,115003489.000000,,
BATTERY,2,81.314377,115003680.000000,,
BATTERY,2,81.314279,115003872.000000,,
BATTERY,2,81.151895,116011776.000000,,
BATTERY,2,81.150476,116014817.000000,,
BATTERY,2,81.150445,116015008.000000,,
BATTERY,2,81.150347,116015200.000000,,
BATTERY,2,80.990684,117006208.000000,,
BATTERY,2,80.989265,117009249.000000,,
BATTERY,2,80.989234,117009440.000000,,
BATTERY,2,80.989136,117009632.000000,,
BATTERY,2,80.827700,118011648.000000,,
BATTERY,2,80.826281,118014689.000000,,
BATTERY,2,80.826250,118014880.000000,,
BATTERY,2,80.826152,118015072.000000,,
BATTERY,2,80.666779,119004288.000000,,
BATTERY,2,80.665360,119007329.000000,,
BATTERY,2,80.663723,119017484.800000,,
BATTERY,2,80.662304,119020525.800000,,
BATTERY,2,80.662273,119020716.800000,,
BATTERY,2,80.662175,119020908.800000,,
BATTERY,2,80.504412,120000128.000000,,
BATTERY,2,80.502993,120003169.000000,,
BATTERY,2,80.502962,120003360.000000,,
BATTERY,2,80.502864,120003552.000000,,
BATTERY,2,80.342150,121001088.000000,,
BATTERY,2,80.340731,121004129.000000,,
BATTERY,2,80.340700,121004320.000000,,
BATTERY,2,80.340602,121004512.000000,,
BATTERY,2,80.178032,122013568.000000,,
BATTERY,2,80.176613,122016609.000000,,
BATTERY,2,80.176582,122016800.000000,,
BATTERY,2,80.176484,122016992.000000,,
BATTERY,2,80.017987,123000768.000000,,
BATTERY,2,80.016567,123003809.000000,,
BATTERY,2,80.016537,123004000.000000,,
BATTERY,2,80.016439,123004192.000000,,
BATTERY,2,79.855054,124005888.000000,,
BATTERY,2,79.853635,124008929.000000,,
BATTERY,2,79.853604,124009120.000000,,
BATTERY,2,79.853506,124009312.000000,,
BATTERY,2,79.691091,125017408.000000,,
BATTERY,2,79.689672,125020449.000000,,
BATTERY,2,79.689641,125020640.000000,,
BATTERY,2,79.689543,125020832.000000,,
BATTERY,2,79.531561,126001408.000000,,
BATTERY,2,79.530142,126004449.000000,,
BATTERY,2,79.530111,126004640.000000,,
BATTERY,2,79.530013,126004832.000000,,
BATTERY,2,79.369453,127001408.000000,,
BATTERY,2,79.368034,127004449.000000,,
BATTERY,2,79.368004,127004640.000000,,
BATTERY,2,79.367905,127004832.000000,,
BATTERY,2,79.207501,128000448.000000,,
BATTERY,2,79.206081,128003489.000000,,
BATTERY,2,79.206051,128003680.000000,,
BATTERY,2,79.205953,128003872.000000,,
BATTERY,2,79.045393,129000448.000000,,
BATTERY,2,79.043974,129003489.000000,,
BATTERY,2,79.043575,129005964.800000,,
BATTERY,2,79.042156,129009005.800000,,
BATTERY,2,79.042125,129009196.800000,,
BATTERY,2,79.042027,129009388.800000,,
BATTERY,2,78.880913,130009408.000000,,
BATTERY,2,78.879494,130012449.000000,,
BATTERY,2,78.879463,130012640.000000,,
BATTERY,2,78.879365,130012832.000000,,
BATTERY,2,78.719218,131006848.000000,,
BATTERY,2,78.717799,131009889.000000,,
BATTERY,2,78.717768,131010080.000000,,
BATTERY,2,78.717670,131010272.000000,,
BATTERY,2,78.556492,132010688.000000,,
BATTERY,2,78.555072,132013729.000000,,
BATTERY,2,78.555042,132013920.000000,,
BATTERY,2,78.554944,132014112.000000,,
BATTERY,2,78.395054,133006528.000000,,
BATTERY,2,78.393635,133009569.000000,,
BATTERY,2,78.393604,133009760.000000,,
BATTERY,2,78.393506,133009952.000000,,
BATTERY,2,78.233978,134000128.000000,,
BATTERY,2,78.232559,134003169.000000,,
BATTERY,2,78.230077,134018572.800000,,
BATTERY,2,78.228658,134021613.800000,,
BATTERY,2,78.228627,134021804.800000,,
BATTERY,2,78.228529,134021996.800000,,
BATTERY,2,78.070890,135000448.000000,,
BATTERY,2,78.069471,135003489.000000,,
BATTERY,2,78.069440,135003680.000000,,
BATTERY,2,78.069342,135003872.000000,,
BATTERY,2,78.068798,135007244.800000,,
BATTERY,2,78.067379,135010285.800000,,
BATTERY,2,78.067348,135010476.800000,,
BATTERY,2,78.067250,135010668.800000,,
BATTERY,2,77.907837,136000128.000000,,
BATTERY,2,77.906418,136003169.000000,,
BATTERY,2,77.906387,136003360.000000,,
BATTERY,2,77.906289,136003552.000000,,
BATTERY,2,77.742956,137017344.000000,,
BATTERY,2,77.741537,137020385.000000,,
BATTERY,2,77.741506,137020576.000000,,
BATTERY,2,77.741408,137020768.000000,,
BATTERY,2,77.583622,138000128.000000,,
BATTERY,2,77.582203,138003169.000000,,
BATTERY,2,77.582172,138003360.000000,,
BATTERY,2,77.582074,138003552.000000,,
BATTERY,2,77.419813,139010688.000000,,
BATTERY,2,77.418394,139013729.000000,,
BATTERY,2,77.418364,139013920.000000,,
BATTERY,2,77.418265,139014112.000000,,
BATTERY,2,77.257706,140010688.000000,,
BATTERY,2,77.256287,140013729.000000,,
BATTERY,2,77.256256,140013920.000000,,
BATTERY,2,77.256158,140014112.000000,,
BATTERY,2,77.097094,141001408.000000,,
BATTERY,2,77.095674,141004449.000000,,
BATTERY,2,77.095644,141004640.000000,,
BATTERY,2,77.095546,141004832.000000,,
BATTERY,2,76.933625,142009856.000000,,
BATTERY,2,76.932206,142012897.000000,,
BATTERY,2,76.932175,142013088.000000,,
BATTERY,2,76.932077,142013280.000000,,
BATTERY,2,76.771105,143012416.000000,,
BATTERY,2,76.769686,143015457.000000,,
BATTERY,2,76.769655,143015648.000000,,
BATTERY,2,76.769557,143015840.000000,,
BATTERY,2,76.610926,144000448.000000,,
BATTERY,2,76.609507,144003489.000000,,
BATTERY,2,76.609476,144003680.000000,,
BATTERY,2,76.609378,144003872.000000,,
BATTERY,2,76.448354,145003328.000000,,
BATTERY,2,76.446935,145006369.000000,,
BATTERY,2,76.446742,145007564.800000,,
BATTERY,2,76.445323,145010605.800000,,
BATTERY,2,76.445293,145010796.800000,,
BATTERY,2,76.445194,145010988.800000,,
BATTERY,2,76.285008,146005248.000000,,
BATTERY,2,76.283589,146008289.000000,,
BATTERY,2,76.283558,146008480.000000,,
BATTERY,2,76.283460,146008672.000000,,
BATTERY,2,76.123622,147000768.000000,,
BATTERY,2,76.122203,147003809.000000,,
BATTERY,2,76.122173,147004000.000000,,
BATTERY,2,76.122074,147004192.000000,,
BATTERY,2,75.961567,148000448.000000,,
BATTERY,2,75.960147,148003489.000000,,
BATTERY,2,75.960117,148003680.000000,,
BATTERY,2,75.960018,148003872.000000,,
BATTERY,2,75.799407,149000768.000000,,
BATTERY,2,75.797988,149003809.000000,,
BATTERY,2,75.797958,149004000.000000,,
BATTERY,2,75.797859,149004192.000000,,
BATTERY,2,75.637351,150000448.000000,,
BATTERY,2,75.635932,150003489.000000,,
BATTERY,2,75.635902,150003680.000000,,
BATTERY,2,75.635803,150003872.000000,,
BATTERY,2,75.472646,151016576.000000,,
BATTERY,2,75.471226,151019617.000000,,
BATTERY,2,75.471196,151019808.000000,,
BATTERY,2,75.471098,151020000.000000,,
BATTERY,2,75.313136,152000448.000000,,
BATTERY,2,75.311717,152003489.000000,,
BATTERY,2,75.311687,152003680.000000,,
BATTERY,2,75.311588,152003872.000000,,
BATTERY,2,75.150565,153003328.000000,,
BATTERY,2,75.149146,153006369.000000,,
BATTERY,2,75.148592,153009804.800000,,
BATTERY,2,75.147173,153012845.800000,,
BATTERY,2,75.146310,153018201.600000,,
BATTERY,2,75.144891,153021242.600000,,
BATTERY,2,75.144860,153021433.600000,,
BATTERY,2,75.144762,153021625.600000,,
BATTERY,2,74.986960,154001088.000000,,
BATTERY,2,74.985541,154004129.000000,,
BATTERY,2,74.985510,154004320.000000,,
BATTERY,2,74.985412,154004512.000000,,
BATTERY,2,74.824956,155000448.000000,,
BATTERY,2,74.823536,155003489.000000,,
BATTERY,2,74.823506,155003680.000000,,
BATTERY,2,74.823408,155003872.000000,,
BATTERY,2,74.822039,155012364.800000,,
BATTERY,2,74.820620,155015405.800000,,
BATTERY,2,74.820427,155016601.600000,,
BATTERY,2,74.819008,155019642.600000,,
BATTERY,2,74.818978,155019833.600000,,
BATTERY,2,74.818879,155020025.600000,,
BATTERY,2,74.660871,156000768.000000,,
BATTERY,2,74.659452,156003809.000000,,
BATTERY,2,74.659421,156004000.000000,,
BATTERY,2,74.659323,156004192.000000,,
BATTERY,2,74.497918,157006016.000000,,
BATTERY,2,74.496499,157009057.000000,,
BATTERY,2,74.496468,157009248.000000,,
BATTERY,2,74.496370,157009440.000000,,
BATTERY,2,74.336243,158003328.000000,,
BATTERY,2,74.334824,158006369.000000,,
BATTERY,2,74.332466,158021004.800000,,
BATTERY,2,74.331047,158024045.800000,,
BATTERY,2,74.331016,158024236.800000,,
BATTERY,2,74.330918,158024428.800000,,
BATTERY,2,74.173722,159000128.000000,,
BATTERY,2,74.172303,159003169.000000,,
BATTERY,2,74.172272,159003360.000000,,
BATTERY,2,74.172174,159003552.000000,,
BATTERY,2,74.009862,160011008.000000,,
BATTERY,2,74.008443,160014049.000000,,
BATTERY,2,74.008412,160014240.000000,,
BATTERY,2,74.008314,160014432.000000,,
BATTERY,2,73.848476,161006528.000000,,
BATTERY,2,73.847057,161009569.000000,,
BATTERY,2,73.847026,161009760.000000,,
BATTERY,2,73.846928,161009952.000000,,
BATTERY,2,73.685059,162014656.000000,,
BATTERY,2,73.683640,162017697.000000,,
BATTERY,2,73.683609,162017888.000000,,
BATTERY,2,73.683511,162018080.000000,,
BATTERY,2,73.523261,163012736.000000,,
BATTERY,2,73.521842,163015777.000000,,
BATTERY,2,73.521811,163015968.000000,,
BATTERY,2,73.521713,163016160.000000,,
BATTERY,2,73.363185,164000128.000000,,
BATTERY,2,73.361766,164003169.000000,,
BATTERY,2,73.361735,164003360.000000,,
BATTERY,2,73.361637,164003552.000000,,
BATTERY,2,73.200923,165001088.000000,,
BATTERY,2,73.199503,165004129.000000,,
BATTERY,2,73.199473,165004320.000000,,
BATTERY,2,73.199375,165004512.000000,,
BATTERY,2,73.038867,166000768.000000,,
BATTERY,2,73.037448,166003809.000000,,
BATTERY,2,73.037417,166004000.000000,,
BATTERY,2,73.037319,166004192.000000,,
BATTERY,2,72.876759,167000768.000000,,
BATTERY,2,72.875340,167003809.000000,,
BATTERY,2,72.875309,167004000.000000,,
BATTERY,2,72.875211,167004192.000000,,
BATTERY,2,72.714497,168001728.000000,,
BATTERY,2,72.713078,168004769.000000,,
BATTERY,2,72.713047,168004960.000000,,
BATTERY,2,72.712949,168005152.000000,,
BATTERY,2,72.552441,169001408.000000,,
BATTERY,2,72.551022,169004449.000000,,
BATTERY,2,72.550991,169004640.000000,,
BATTERY,2,72.550893,169004832.000000,,
BATTERY,2,72.390230,170002048.000000,,
BATTERY,2,72.388811,170005089.000000,,
BATTERY,2,72.388464,170007244.800000,,
BATTERY,2,72.387045,170010285.800000,,
BATTERY,2,72.387014,170010476.800000,,
BATTERY,2,72.386916,170010668.800000,,
BATTERY,2,72.226554,171006016.000000,,
BATTERY,2,72.225135,171009057.000000,,
BATTERY,2,72.225105,171009248.000000,,
BATTERY,2,72.225006,171009440.000000,,
BATTERY,2,72.065344,172000448.000000,,
BATTERY,2,72.063925,172003489.000000,,
BATTERY,2,72.063894,172003680.000000,,
BATTERY,2,72.063796,172003872.000000,,
BATTERY,2,71.903185,173000768.000000,,
BATTERY,2,71.901766,173003809.000000,,
BATTERY,2,71.901735,173004000.000000,,
BATTERY,2,71.901637,173004192.000000,,
BATTERY,2,71.739840,174008448.000000,,
BATTERY,2,71.738421,174011489.000000,,
BATTERY,2,71.738390,174011680.000000,,
BATTERY,2,71.738292,174011872.000000,,
BATTERY,2,71.578867,175001408.000000,,
BATTERY,2,71.577448,175004449.000000,,
BATTERY,2,71.577417,175004640.000000,,
BATTERY,2,71.577319,175004832.000000,,
BATTERY,2,71.414078,176018048.000000,,
BATTERY,2,71.412659,176021089.000000,,
BATTERY,2,71.412629,176021280.000000,,
BATTERY,2,71.412530,176021472.000000,,
BATTERY,2,71.254703,177001088.000000,,
BATTERY,2,71.253284,177004129.000000,,
BATTERY,2,71.253253,177004320.000000,,
BATTERY,2,71.253155,177004512.000000,,
BATTERY,2,71.090410,178014656.000000,,
BATTERY,2,71.088991,178017697.000000,,
BATTERY,2,71.088960,178017888.000000,,
BATTERY,2,71.088862,178018080.000000,,
BATTERY,2,70.930127,179003328.000000,,
BATTERY,2,70.928708,179006369.000000,,
BATTERY,2,70.926196,179021964.800000,,
BATTERY,2,70.924777,179025005.800000,,
BATTERY,2,70.924746,179025196.800000,,
BATTERY,2,70.924648,179025388.800000,,
BATTERY,2,70.766163,180009088.000000,,
BATTERY,2,70.764744,180012129.000000,,
BATTERY,2,70.764713,180012320.000000,,
BATTERY,2,70.764615,180012512.000000,,
BATTERY,2,70.602921,181016128.000000,,
BATTERY,2,70.601502,181019169.000000,,
BATTERY,2,70.601471,181019360.000000,,
BATTERY,2,70.601373,181019552.000000,,
BATTERY,2,70.443237,182001088.000000,,
BATTERY,2,70.441818,182004129.000000,,
BATTERY,2,70.439563,182018124.800000,,
BATTERY,2,70.438143,182021165.800000,,
BATTERY,2,70.438113,182021356.800000,,
BATTERY,2,70.438015,182021548.800000,,
BATTERY,2,70.280355,183000128.000000,,
BATTERY,2,70.278935,183003169.000000,,
BATTERY,2,70.278905,183003360.000000,,
BATTERY,2,70.278807,183003552.000000,,
BATTERY,2,70.118144,184000768.000000,,
BATTERY,2,70.116725,184003809.000000,,
BATTERY,2,70.116694,184004000.000000,,
BATTERY,2,70.116596,184004192.000000,,
BATTERY,2,70.114145,184019404.800000,,
BATTERY,2,70.112726,184022445.800000,,
BATTERY,2,70.112695,184022636.800000,,
BATTERY,2,70.112597,184022828.800000,,
BATTERY,2,69.952823,185014528.000000,,
BATTERY,2,69.951404,185017569.000000,,
BATTERY,2,69.951373,185017760.000000,,
BATTERY,2,69.951275,185017952.000000,,
BATTERY,2,69.792469,186003648.000000,,
BATTERY,2,69.791049,186006689.000000,,
BATTERY,2,69.789774,186014604.800000,,
BATTERY,2,69.788355,186017645.800000,,
BATTERY,2,69.788324,186017836.800000,,
BATTERY,2,69.788226,186018028.800000,,
BATTERY,2,69.627834,187013568.000000,,
BATTERY,2,69.626415,187016609.000000,,
BATTERY,2,69.626384,187016800.000000,,
BATTERY,2,69.626286,187016992.000000,,
BATTERY,2,69.467634,188001728.000000,,
BATTERY,2,69.466215,188004769.000000,,
BATTERY,2,69.465145,188011404.800000,,
BATTERY,2,69.463726,188014445.800000,,
BATTERY,2,69.463696,188014636.800000,,
BATTERY,2,69.463597,188014828.800000,,
BATTERY,2,69.304649,189001408.000000,,
BATTERY,2,69.303229,189004449.000000,,
BATTERY,2,69.303199,189004640.000000,,
BATTERY,2,69.303101,189004832.000000,,
BATTERY,2,69.142747,190000128.000000,,
BATTERY,2,69.141328,190003169.000000,,
BATTERY,2,69.141297,190003360.000000,,
BATTERY,2,69.141199,190003552.000000,,
BATTERY,2,68.979970,191004288.000000,,
BATTERY,2,68.978550,191007329.000000,,
BATTERY,2,68.978520,191007520.000000,,
BATTERY,2,68.978422,191007712.000000,,
BATTERY,2,68.816934,192010048.000000,,
BATTERY,2,68.815515,192013089.000000,,
BATTERY,2,68.815484,192013280.000000,,
BATTERY,2,68.815386,192013472.000000,,
BATTERY,2,68.655342,193006848.000000,,
BATTERY,2,68.653923,193009889.000000,,
BATTERY,2,68.653627,193011724.800000,,
BATTERY,2,68.652208,193014765.800000,,
BATTERY,2,68.652177,193014956.800000,,
BATTERY,2,68.652079,193015148.800000,,
BATTERY,2,68.492615,194004928.000000,,
BATTERY,2,68.491196,194007969.000000,,
BATTERY,2,68.491165,194008160.000000,,
BATTERY,2,68.491067,194008352.000000,,
BATTERY,2,68.330971,195002048.000000,,
BATTERY,2,68.329552,195005089.000000,,
BATTERY,2,68.329521,195005280.000000,,
BATTERY,2,68.329423,195005472.000000,,
BATTERY,2,68.168297,196005568.000000,,
BATTERY,2,68.166877,196008609.000000,,
BATTERY,2,68.166847,196008800.000000,,
BATTERY,2,68.166749,196008992.000000,,
BATTERY,2,68.005519,197009728.000000,,
BATTERY,2,68.004100,197012769.000000,,
BATTERY,2,68.004069,197012960.000000,,
BATTERY,2,68.003971,197013152.000000,,
BATTERY,2,67.844855,198000768.000000,,
BATTERY,2,67.843436,198003809.000000,,
BATTERY,2,67.843405,198004000.000000,,
BATTERY,2,67.843307,198004192.000000,,
BATTERY,2,67.681077,199011136.000000,,
BATTERY,2,67.679658,199014177.000000,,
BATTERY,2,67.679627,199014368.000000,,
BATTERY,2,67.679529,199014560.000000,,
BATTERY,2,67.518196,200015936.000000,,
BATTERY,2,67.516777,200018977.000000,,
BATTERY,2,67.516746,200019168.000000,,
BATTERY,2,67.516648,200019360.000000,,
BATTERY,2,67.358378,201001728.000000,,
BATTERY,2,67.356959,201004769.000000,,
BATTERY,2,67.356405,201008204.800000,,
BATTERY,2,67.354986,201011245.800000,,
BATTERY,2,67.354793,201012441.600000,,
BATTERY,2,67.353374,201015482.600000,,
BATTERY,2,67.353343,201015673.600000,,
BATTERY,2,67.353245,201015865.600000,,
BATTERY,2,67.194051,202003968.000000,,
BATTERY,2,67.192632,202007009.000000,,
BATTERY,2,67.192601,202007200.000000,,
BATTERY,2,67.192503,202007392.000000,,
BATTERY,2,67.032356,203001408.000000,,
BATTERY,2,67.030937,203004449.000000,,
BATTERY,2,67.030906,203004640.000000,,
BATTERY,2,67.030808,203004832.000000,,
BATTERY,2,66.870197,204001728.000000,,
BATTERY,2,66.868778,204004769.000000,,
BATTERY,2,66.868327,204007564.800000,,
BATTERY,2,66.866908,204010605.800000,,
BATTERY,2,66.866877,204010796.800000,,
BATTERY,2,66.866779,204010988.800000,,
BATTERY,2,66.705696,205010816.000000,,
BATTERY,2,66.704277,205013857.000000,,
BATTERY,2,66.704246,205014048.000000,,
BATTERY,2,66.704148,205014240.000000,,
BATTERY,2,66.545207,206000768.000000,,
BATTERY,2,66.543788,206003809.000000,,
BATTERY,2,66.543757,206004000.000000,,
BATTERY,2,66.543659,206004192.000000,,
BATTERY,2,66.383100,207000768.000000,,
BATTERY,2,66.381681,207003809.000000,,
BATTERY,2,66.381650,207004000.000000,,
BATTERY,2,66.381552,207004192.000000,,
BATTERY,2,66.220838,208001728.000000,,
BATTERY,2,66.219418,208004769.000000,,
BATTERY,2,66.218917,208007884.800000,,
BATTERY,2,66.217497,208010925.800000,,
BATTERY,2,66.217305,208012121.600000,,
BATTERY,2,66.215886,208015162.600000,,
BATTERY,2,66.215855,208015353.600000,,
BATTERY,2,66.215757,208015545.600000,,
BATTERY,2,66.057130,209000128.000000,,
BATTERY,2,66.055710,209003169.000000,,
BATTERY,2,66.055680,209003360.000000,,
BATTERY,2,66.055581,209003552.000000,,
BATTERY,2,66.053852,209014284.800000,,
BATTERY,2,66.052433,209017325.800000,,
BATTERY,2,66.052402,209017516.800000,,
BATTERY,2,66.052304,209017708.800000,,
BATTERY,2,65.893974,210000448.000000,,
BATTERY,2,65.892555,210003489.000000,,
BATTERY,2,65.892524,210003680.000000,,
BATTERY,2,65.892426,210003872.000000,,
BATTERY,2,65.731815,211000768.000000,,
BATTERY,2,65.730396,211003809.000000,,
BATTERY,2,65.730365,211004000.000000,,
BATTERY,2,65.730267,211004192.000000,,
BATTERY,2,65.567748,212012928.000000,,
BATTERY,2,65.566329,212015969.000000,,
BATTERY,2,65.566298,212016160.000000,,
BATTERY,2,65.566200,212016352.000000,,
BATTERY,2,65.407548,213001088.000000,,
BATTERY,2,65.406129,213004129.000000,,
BATTERY,2,65.406099,213004320.000000,,
BATTERY,2,65.406000,213004512.000000,,
BATTERY,2,65.243461,214013376.000000,,
BATTERY,2,65.242042,214016417.000000,,
BATTERY,2,65.242011,214016608.000000,,
BATTERY,2,65.241913,214016800.000000,,
BATTERY,2,65.083333,215001088.000000,,
BATTERY,2,65.081914,215004129.000000,,
BATTERY,2,65.079690,215017932.800000,,
BATTERY,2,65.078271,215020973.800000,,
BATTERY,2,65.078240,215021164.800000,,
BATTERY,2,65.078142,215021356.800000,,
BATTERY,2,64.920194,216001728.000000,,
BATTERY,2,64.918774,216004769.000000,,
BATTERY,2,64.918744,216004960.000000,,
BATTERY,2,64.918646,216005152.000000,,
BATTERY,2,64.916968,216015564.800000,,
BATTERY,2,64.915549,216018605.800000,,
BATTERY,2,64.913139,216033561.600000,,
BATTERY,2,64.911720,216036602.600000,,
BATTERY,2,64.911689,216036793.600000,,
BATTERY,2,64.911591,216036985.600000,,
BATTERY,2,64.756315,217000768.000000,,
BATTERY,2,64.754896,217003809.000000,,
BATTERY,2,64.754865,217004000.000000,,
BATTERY,2,64.754767,217004192.000000,,
BATTERY,2,64.594208,218000768.000000,,
BATTERY,2,64.592789,218003809.000000,,
BATTERY,2,64.592758,218004000.000000,,
BATTERY,2,64.592660,218004192.000000,,
BATTERY,2,64.432100,219000768.000000,,
BATTERY,2,64.430681,219003809.000000,,
BATTERY,2,64.430650,219004000.000000,,
BATTERY,2,64.430552,219004192.000000,,
BATTERY,2,64.268343,220011008.000000,,
BATTERY,2,64.266924,220014049.000000,,
BATTERY,2,64.266893,220014240.000000,,
BATTERY,2,64.266795,220014432.000000,,
BATTERY,2,64.107782,221001408.000000,,
BATTERY,2,64.106363,221004449.000000,,
BATTERY,2,64.106332,221004640.000000,,
BATTERY,2,64.106234,221004832.000000,,
BATTERY,2,63.945004,222005568.000000,,
BATTERY,2,63.943585,222008609.000000,,
BATTERY,2,63.943554,222008800.000000,,
BATTERY,2,63.943456,222008992.000000,,
BATTERY,2,63.783773,223000128.000000,,
BATTERY,2,63.782354,223003169.000000,,
BATTERY,2,63.782323,223003360.000000,,
BATTERY,2,63.782225,223003552.000000,,
BATTERY,2,63.620717,224006016.000000,,
BATTERY,2,63.619298,224009057.000000,,
BATTERY,2,63.619267,224009248.000000,,
BATTERY,2,63.619169,224009440.000000,,
BATTERY,2,63.456980,225016128.000000,,
BATTERY,2,63.455561,225019169.000000,,
BATTERY,2,63.455531,225019360.000000,,
BATTERY,2,63.455432,225019552.000000,,
BATTERY,2,63.296677,226004928.000000,,
BATTERY,2,63.295258,226007969.000000,,
BATTERY,2,63.295228,226008160.000000,,
BATTERY,2,63.295129,226008352.000000,,
BATTERY,2,63.133281,227012928.000000,,
BATTERY,2,63.131862,227015969.000000,,
BATTERY,2,63.131831,227016160.000000,,
BATTERY,2,63.131733,227016352.000000,,
BATTERY,2,62.973236,228000128.000000,,
BATTERY,2,62.971817,228003169.000000,,
BATTERY,2,62.970747,228009804.800000,,
BATTERY,2,62.969328,228012845.800000,,
BATTERY,2,62.969298,228013036.800000,,
BATTERY,2,62.969199,228013228.800000,,
BATTERY,2,62.808755,229009088.000000,,
BATTERY,2,62.807336,229012129.000000,,
BATTERY,2,62.807306,229012320.000000,,
BATTERY,2,62.807207,229012512.000000,,
BATTERY,2,62.648040,230000448.000000,,
BATTERY,2,62.646621,230003489.000000,,
BATTERY,2,62.646222,230005964.800000,,
BATTERY,2,62.644803,230009005.800000,,
BATTERY,2,62.644772,230009196.800000,,
BATTERY,2,62.644674,230009388.800000,,
BATTERY,2,62.482766,231014336.000000,,
BATTERY,2,62.481347,231017377.000000,,
BATTERY,2,62.481316,231017568.000000,,
BATTERY,2,62.481218,231017760.000000,,
BATTERY,2,62.321194,232011008.000000,,
BATTERY,2,62.319775,232014049.000000,,
BATTERY,2,62.319745,232014240.000000,,
BATTERY,2,62.319646,232014432.000000,,
BATTERY,2,62.160788,233000448.000000,,
BATTERY,2,62.159369,233003489.000000,,
BATTERY,2,62.159338,233003680.000000,,
BATTERY,2,62.159240,233003872.000000,,
BATTERY,2,62.155738,233025612.800000,,
BATTERY,2,62.154318,233028653.800000,,
BATTERY,2,62.154288,233028844.800000,,
BATTERY,2,62.154189,233029036.800000,,
BATTERY,2,61.997581,234001088.000000,,
BATTERY,2,61.996162,234004129.000000,,
BATTERY,2,61.996131,234004320.000000,,
BATTERY,2,61.996033,234004512.000000,,
BATTERY,2,61.835525,235000768.000000,,
BATTERY,2,61.834106,235003809.000000,,
BATTERY,2,61.834075,235004000.000000,,
BATTERY,2,61.833977,235004192.000000,,
BATTERY,2,61.673418,236000768.000000,,
BATTERY,2,61.671999,236003809.000000,,
BATTERY,2,61.671968,236004000.000000,,
BATTERY,2,61.671870,236004192.000000,,
BATTERY,2,61.509454,237012288.000000,,
BATTERY,2,61.508035,237015329.000000,,
BATTERY,2,61.508004,237015520.000000,,
BATTERY,2,61.507906,237015712.000000,,
BATTERY,2,61.349306,238000128.000000,,
BATTERY,2,61.347887,238003169.000000,,
BATTERY,2,61.347856,238003360.000000,,
BATTERY,2,61.347758,238003552.000000,,
BATTERY,2,61.186373,239005248.000000,,
BATTERY,2,61.184954,239008289.000000,,
BATTERY,2,61.184924,239008480.000000,,
BATTERY,2,61.184825,239008672.000000,,
BATTERY,2,61.025091,240000128.000000,,
BATTERY,2,61.023672,240003169.000000,,
BATTERY,2,61.023641,240003360.000000,,
BATTERY,2,61.023543,240003552.000000,,
BATTERY,2,60.862004,241006208.000000,,
BATTERY,2,60.860585,241009249.000000,,
BATTERY,2,60.860186,241011724.800000,,
BATTERY,2,60.858767,241014765.800000,,
BATTERY,2,60.858736,241014956.800000,,
BATTERY,2,60.858638,241015148.800000,,
BATTERY,2,60.699740,242001408.000000,,
BATTERY,2,60.698321,242004449.000000,,
BATTERY,2,60.695809,242020044.800000,,
BATTERY,2,60.694390,242023085.800000,,
BATTERY,2,60.694359,242023276.800000,,
BATTERY,2,60.694261,242023468.800000,,
BATTERY,2,60.535167,243010944.000000,,
BATTERY,2,60.533748,243013985.000000,,
BATTERY,2,60.533717,243014176.000000,,
BATTERY,2,60.533619,243014368.000000,,
BATTERY,2,60.373771,244006528.000000,,
BATTERY,2,60.372352,244009569.000000,,
BATTERY,2,60.372321,244009760.000000,,
BATTERY,2,60.372223,244009952.000000,,
BATTERY,2,60.212107,245003776.000000,,
BATTERY,2,60.210688,245006817.000000,,
BATTERY,2,60.210657,245007008.000000,,
BATTERY,2,60.210559,245007200.000000,,
BATTERY,2,60.050433,246001088.000000,,
BATTERY,2,60.049014,246004129.000000,,
BATTERY,2,60.047120,246015884.800000,,
BATTERY,2,60.045701,246018925.800000,,
BATTERY,2,60.045670,246019116.800000,,
BATTERY,2,60.045572,246019308.800000,,
BATTERY,2,59.886623,247005888.000000,,
BATTERY,2,59.885204,247008929.000000,,
BATTERY,2,59.885173,247009120.000000,,
BATTERY,2,59.885075,247009312.000000,,
BATTERY,2,59.725443,248000128.000000,,
BATTERY,2,59.724024,248003169.000000,,
BATTERY,2,59.723993,248003360.000000,,
BATTERY,2,59.723895,248003552.000000,,
BATTERY,2,59.560861,249015488.000000,,
BATTERY,2,59.559442,249018529.000000,,
BATTERY,2,59.559411,249018720.000000,,
BATTERY,2,59.559313,249018912.000000,,
BATTERY,2,59.401125,250000768.000000,,
BATTERY,2,59.399706,250003809.000000,,
BATTERY,2,59.399675,250004000.000000,,
BATTERY,2,59.399577,250004192.000000,,
BATTERY,2,59.238296,251005248.000000,,
BATTERY,2,59.236877,251008289.000000,,
BATTERY,2,59.236846,251008480.000000,,
BATTERY,2,59.236748,251008672.000000,,
BATTERY,2,59.074899,252013248.000000,,
BATTERY,2,59.073480,252016289.000000,,
BATTERY,2,59.073450,252016480.000000,,
BATTERY,2,59.073351,252016672.000000,,
BATTERY,2,58.914009,253005696.000000,,
BATTERY,2,58.912590,253008737.000000,,
BATTERY,2,58.912559,253008928.000000,,
BATTERY,2,58.912461,253009120.000000,,
BATTERY,2,58.752695,254000768.000000,,
BATTERY,2,58.751276,254003809.000000,,
BATTERY,2,58.751245,254004000.000000,,
BATTERY,2,58.751147,254004192.000000,,
BATTERY,2,58.589845,255005376.000000,,
BATTERY,2,58.588426,255008417.000000,,
BATTERY,2,58.588395,255008608.000000,,
BATTERY,2,58.588297,255008800.000000,,
BATTERY,2,58.428480,256000768.000000,,
BATTERY,2,58.427061,256003809.000000,,
BATTERY,2,58.427030,256004000.000000,,
BATTERY,2,58.426932,256004192.000000,,
BATTERY,2,58.265702,257004928.000000,,
BATTERY,2,58.264283,257007969.000000,,
BATTERY,2,58.264252,257008160.000000,,
BATTERY,2,58.264154,257008352.000000,,
BATTERY,2,58.104317,258000448.000000,,
BATTERY,2,58.102898,258003489.000000,,
BATTERY,2,58.102867,258003680.000000,,
BATTERY,2,58.102769,258003872.000000,,
BATTERY,2,57.942261,259000128.000000,,
BATTERY,2,57.940842,259003169.000000,,
BATTERY,2,57.940811,259003360.000000,,
BATTERY,2,57.940713,259003552.000000,,
BATTERY,2,57.779462,260004416.000000,,
BATTERY,2,57.778043,260007457.000000,,
BATTERY,2,57.778012,260007648.000000,,
BATTERY,2,57.777914,260007840.000000,,
BATTERY,2,57.616396,261010368.000000,,
BATTERY,2,57.614977,261013409.000000,,
BATTERY,2,57.614946,261013600.000000,,
BATTERY,2,57.614848,261013792.000000,,
BATTERY,2,57.454185,262011008.000000,,
BATTERY,2,57.452766,262014049.000000,,
BATTERY,2,57.452735,262014240.000000,,
BATTERY,2,57.452637,262014432.000000,,
BATTERY,2,57.291356,263015488.000000,,
BATTERY,2,57.289937,263018529.000000,,
BATTERY,2,57.289906,263018720.000000,,
BATTERY,2,57.289808,263018912.000000,,
BATTERY,2,57.129094,264016448.000000,,
BATTERY,2,57.127675,264019489.000000,,
BATTERY,2,57.127644,264019680.000000,,
BATTERY,2,57.127546,264019872.000000,,
BATTERY,2,56.968719,265005696.000000,,
BATTERY,2,56.967299,265008737.000000,,
BATTERY,2,56.967269,265008928.000000,,
BATTERY,2,56.967171,265009120.000000,,
BATTERY,2,56.807302,266001408.000000,,
BATTERY,2,56.805883,266004449.000000,,
BATTERY,2,56.805852,266004640.000000,,
BATTERY,2,56.805754,266004832.000000,,
BATTERY,2,56.645401,267000128.000000,,
BATTERY,2,56.643982,267003169.000000,,
BATTERY,2,56.643951,267003360.000000,,
BATTERY,2,56.643853,267003552.000000,,
BATTERY,2,56.482448,268005376.000000,,
BATTERY,2,56.481028,268008417.000000,,
BATTERY,2,56.480630,268010892.800000,,
BATTERY,2,56.479210,268013933.800000,,
BATTERY,2,56.479180,268014124.800000,,
BATTERY,2,56.479082,268014316.800000,,
BATTERY,2,56.318607,269010368.000000,,
BATTERY,2,56.317188,269013409.000000,,
BATTERY,2,56.317157,269013600.000000,,
BATTERY,2,56.317059,269013792.000000,,
BATTERY,2,56.157943,270001408.000000,,
BATTERY,2,56.156524,270004449.000000,,
BATTERY,2,56.156493,270004640.000000,,
BATTERY,2,56.156395,270004832.000000,,
BATTERY,2,55.995938,271000768.000000,,
BATTERY,2,55.994519,271003809.000000,,
BATTERY,2,55.994488,271004000.000000,,
BATTERY,2,55.994390,271004192.000000,,
BATTERY,2,55.833779,272001088.000000,,
BATTERY,2,55.832360,272004129.000000,,
BATTERY,2,55.832329,272004320.000000,,
BATTERY,2,55.832231,272004512.000000,,
BATTERY,2,55.671672,273001088.000000,,
BATTERY,2,55.670253,273004129.000000,,
BATTERY,2,55.670222,273004320.000000,,
BATTERY,2,55.670124,273004512.000000,,
BATTERY,2,55.508946,274004928.000000,,
BATTERY,2,55.507526,274007969.000000,,
BATTERY,2,55.507496,274008160.000000,,
BATTERY,2,55.507398,274008352.000000,,
BATTERY,2,55.347405,275001408.000000,,
BATTERY,2,55.345986,275004449.000000,,
BATTERY,2,55.345955,275004640.000000,,
BATTERY,2,55.345857,275004832.000000,,
BATTERY,2,55.342324,275026764.800000,,
BATTERY,2,55.340904,275029805.800000,,
BATTERY,2,55.340874,275029996.800000,,
BATTERY,2,55.340775,275030188.800000,,
BATTERY,2,55.184456,276000448.000000,,
BATTERY,2,55.183037,276003489.000000,,
BATTERY,2,55.183006,276003680.000000,,
BATTERY,2,55.182908,276003872.000000,,
BATTERY,2,55.022297,277000768.000000,,
BATTERY,2,55.020878,277003809.000000,,
BATTERY,2,55.020847,277004000.000000,,
BATTERY,2,55.020749,277004192.000000,,
BATTERY,2,54.859602,278004416.000000,,
BATTERY,2,54.858183,278007457.000000,,
BATTERY,2,54.858152,278007648.000000,,
BATTERY,2,54.858054,278007840.000000,,
BATTERY,2,54.695071,279019456.000000,,
BATTERY,2,54.693652,279022497.000000,,
BATTERY,2,54.693621,279022688.000000,,
BATTERY,2,54.693523,279022880.000000,,
BATTERY,2,54.535717,280002368.000000,,
BATTERY,2,54.534297,280005409.000000,,
BATTERY,2,54.534105,280006604.800000,,
BATTERY,2,54.532686,280009645.800000,,
BATTERY,2,54.532287,280012121.600000,,
BATTERY,2,54.530868,280015162.600000,,
BATTERY,2,54.530675,280016358.400000,,
BATTERY,2,54.529256,280019399.400000,,
BATTERY,2,54.371146,281000768.000000,,
BATTERY,2,54.369727,281003809.000000,,
BATTERY,2,54.368658,281010444.800000,,
BATTERY,2,54.367239,281013485.800000,,
BATTERY,2,54.367208,281013676.800000,,
BATTERY,2,54.367110,281013868.800000,,
BATTERY,2,54.206512,282010688.000000,,
BATTERY,2,54.205092,282013729.000000,,
BATTERY,2,54.205062,282013920.000000,,
BATTERY,2,54.204964,282014112.000000,,
BATTERY,2,54.046002,283000768.000000,,
BATTERY,2,54.044583,283003809.000000,,
BATTERY,2,54.044552,283004000.000000,,
BATTERY,2,54.044454,283004192.000000,,
BATTERY,2,53.882121,284011776.000000,,
BATTERY,2,53.880702,284014817.000000,,
BATTERY,2,53.880671,284015008.000000,,
BATTERY,2,53.880573,284015200.000000,,
BATTERY,2,53.721148,285004736.000000,,
BATTERY,2,53.719729,285007777.000000,,
BATTERY,2,53.719698,285007968.000000,,
BATTERY,2,53.719600,285008160.000000,,
BATTERY,2,53.558030,286011008.000000,,
BATTERY,2,53.556611,286014049.000000,,
BATTERY,2,53.556580,286014240.000000,,
BATTERY,2,53.556482,286014432.000000,,
BATTERY,2,53.397675,287000128.000000,,
BATTERY,2,53.396256,287003169.000000,,
BATTERY,2,53.396225,287003360.000000,,
BATTERY,2,53.396127,287003552.000000,,
BATTERY,2,53.235568,288000128.000000,,
BATTERY,2,53.234149,288003169.000000,,
BATTERY,2,53.234118,288003360.000000,,
BATTERY,2,53.234020,288003552.000000,,
BATTERY,2,53.073203,289001728.000000,,
BATTERY,2,53.071783,289004769.000000,,
BATTERY,2,53.071753,289004960.000000,,
BATTERY,2,53.071655,289005152.000000,,
BATTERY,2,52.909012,290014656.000000,,
BATTERY,2,52.907593,290017697.000000,,
BATTERY,2,52.907562,290017888.000000,,
BATTERY,2,52.907464,290018080.000000,,
BATTERY,2,52.746616,291016448.000000,,
BATTERY,2,52.745197,291019489.000000,,
BATTERY,2,52.745166,291019680.000000,,
BATTERY,2,52.745068,291019872.000000,,
BATTERY,2,52.586313,292005248.000000,,
BATTERY,2,52.584894,292008289.000000,,
BATTERY,2,52.584863,292008480.000000,,
BATTERY,2,52.584765,292008672.000000,,
BATTERY,2,52.424515,293003328.000000,,
BATTERY,2,52.423096,293006369.000000,,
BATTERY,2,52.421099,293018764.800000,,
BATTERY,2,52.419679,293021805.800000,,
BATTERY,2,52.419649,293021996.800000,,
BATTERY,2,52.419551,293022188.800000,,
BATTERY,2,52.261994,294000128.000000,,
BATTERY,2,52.260574,294003169.000000,,
BATTERY,2,52.260544,294003360.000000,,
BATTERY,2,52.260446,294003552.000000,,
BATTERY,2,52.099731,295001088.000000,,
BATTERY,2,52.098312,295004129.000000,,
BATTERY,2,52.098282,295004320.000000,,
BATTERY,2,52.098183,295004512.000000,,
BATTERY,2,52.097434,295009164.800000,,
BATTERY,2,52.096015,295012205.800000,,
BATTERY,2,52.095255,295016921.600000,,
BATTERY,2,52.093836,295019962.600000,,
BATTERY,2,52.093385,295022758.400000,,
BATTERY,2,52.091966,295025799.400000,,
BATTERY,2,52.091935,295025990.400000,,
BATTERY,2,52.091837,295026182.400000,,
BATTERY,2,51.934336,296003776.000000,,
BATTERY,2,51.932917,296006817.000000,,
BATTERY,2,51.932886,296007008.000000,,
BATTERY,2,51.932788,296007200.000000,,
BATTERY,2,51.772765,297000448.000000,,
BATTERY,2,51.771346,297003489.000000,,
BATTERY,2,51.771315,297003680.000000,,
BATTERY,2,51.771217,297003872.000000,,
BATTERY,2,51.609111,298010048.000000,,
BATTERY,2,51.607691,298013089.000000,,
BATTERY,2,51.607661,298013280.000000,,
BATTERY,2,51.607563,298013472.000000,,
BATTERY,2,51.448447,299001088.000000,,
BATTERY,2,51.447028,299004129.000000,,
BATTERY,2,51.446732,299005964.800000,,
BATTERY,2,51.445313,299009005.800000,,
BATTERY,2,51.445282,299009196.800000,,
BATTERY,2,51.445184,299009388.800000,,
BATTERY,2,51.283843,300010816.000000,,
BATTERY,2,51.282424,300013857.000000,,
BATTERY,2,51.282393,300014048.000000,,
BATTERY,2,51.282295,300014240.000000,,
BATTERY,2,51.120498,301018496.000000,,
BATTERY,2,51.119079,301021537.000000,,
BATTERY,2,51.119048,301021728.000000,,
BATTERY,2,51.118950,301021920.000000,,
BATTERY,2,50.961298,302000448.000000,,
BATTERY,2,50.959879,302003489.000000,,
BATTERY,2,50.959848,302003680.000000,,
BATTERY,2,50.959750,302003872.000000,,
BATTERY,2,50.799242,303000128.000000,,
BATTERY,2,50.797823,303003169.000000,,
BATTERY,2,50.797792,303003360.000000,,
BATTERY,2,50.797694,303003552.000000,,
BATTERY,2,50.636980,304001088.000000,,
BATTERY,2,50.635561,304004129.000000,,
BATTERY,2,50.635530,304004320.000000,,
BATTERY,2,50.635432,304004512.000000,,
BATTERY,2,50.474151,305005568.000000,,
BATTERY,2,50.472732,305008609.000000,,
BATTERY,2,50.472701,305008800.000000,,
BATTERY,2,50.472603,305008992.000000,,
BATTERY,2,50.312146,306004928.000000,,
BATTERY,2,50.310727,306007969.000000,,
BATTERY,2,50.310696,306008160.000000,,
BATTERY,2,50.310598,306008352.000000,,
BATTERY,2,50.150812,307000128.000000,,
BATTERY,2,50.149393,307003169.000000,,
BATTERY,2,50.149362,307003360.000000,,
BATTERY,2,50.149264,307003552.000000,,
BATTERY,2,49.986776,308012096.000000,,
BATTERY,2,49.985357,308015137.000000,,
BATTERY,2,49.985326,308015328.000000,,
BATTERY,2,49.985228,308015520.000000,,
BATTERY,2,49.826391,309001408.000000,,
BATTERY,2,49.824972,309004449.000000,,
BATTERY,2,49.824941,309004640.000000,,
BATTERY,2,49.824843,309004832.000000,,
BATTERY,2,49.664335,310001088.000000,,
BATTERY,2,49.662916,310004129.000000,,
BATTERY,2,49.662885,310004320.000000,,
BATTERY,2,49.662787,310004512.000000,,
BATTERY,2,49.659820,310022924.800000,,
BATTERY,2,49.658401,310025965.800000,,
BATTERY,2,49.658370,310026156.800000,,
BATTERY,2,49.658272,310026348.800000,,
BATTERY,2,49.500870,311003328.000000,,
BATTERY,2,49.499451,311006369.000000,,
BATTERY,2,49.498124,311014604.800000,,
BATTERY,2,49.496705,311017645.800000,,
BATTERY,2,49.496674,311017836.800000,,
BATTERY,2,49.496576,311018028.800000,,
BATTERY,2,49.337988,312002368.000000,,
BATTERY,2,49.336569,312005409.000000,,
BATTERY,2,49.335861,312009804.800000,,
BATTERY,2,49.334442,312012845.800000,,
BATTERY,2,49.332084,312027481.600000,,
BATTERY,2,49.330664,312030522.600000,,
BATTERY,2,49.330634,312030713.600000,,
BATTERY,2,49.330536,312030905.600000,,
BATTERY,2,49.172506,313011776.000000,,
BATTERY,2,49.171087,313014817.000000,,
BATTERY,2,49.171057,313015008.000000,,
BATTERY,2,49.170958,313015200.000000,,
BATTERY,2,49.012018,314001728.000000,,
BATTERY,2,49.010599,314004769.000000,,
BATTERY,2,49.009478,314011724.800000,,
BATTERY,2,49.008059,314014765.800000,,
BATTERY,2,49.008028,314014956.800000,,
BATTERY,2,49.007930,314015148.800000,,
BATTERY,2,48.848362,315005568.000000,,
BATTERY,2,48.846943,315008609.000000,,
BATTERY,2,48.846913,315008800.000000,,
BATTERY,2,48.846814,315008992.000000,,
BATTERY,2,48.686306,316005248.000000,,
BATTERY,2,48.684887,316008289.000000,,
BATTERY,2,48.684857,316008480.000000,,
BATTERY,2,48.684758,316008672.000000,,
BATTERY,2,48.522395,317016448.000000,,
BATTERY,2,48.520975,317019489.000000,,
BATTERY,2,48.520945,317019680.000000,,
BATTERY,2,48.520846,317019872.000000,,
BATTERY,2,48.361988,318005888.000000,,
BATTERY,2,48.360569,318008929.000000,,
BATTERY,2,48.360538,318009120.000000,,
BATTERY,2,48.360440,318009312.000000,,
BATTERY,2,48.200551,319001728.000000,,
BATTERY,2,48.199132,319004769.000000,,
BATTERY,2,48.199101,319004960.000000,,
BATTERY,2,48.199003,319005152.000000,,
BATTERY,2,48.038392,320002048.000000,,
BATTERY,2,48.036973,320005089.000000,,
BATTERY,2,48.034873,320018124.800000,,
BATTERY,2,48.033454,320021165.800000,,
BATTERY,2,48.033423,320021356.800000,,
BATTERY,2,48.033325,320021548.800000,,
BATTERY,2,47.874664,321006336.000000,,
BATTERY,2,47.873245,321009377.000000,,
BATTERY,2,47.873215,321009568.000000,,
BATTERY,2,47.873116,321009760.000000,,
BATTERY,2,47.711237,322014528.000000,,
BATTERY,2,47.709818,322017569.000000,,
BATTERY,2,47.709787,322017760.000000,,
BATTERY,2,47.709689,322017952.000000,,
BATTERY,2,47.550573,323005568.000000,,
BATTERY,2,47.549154,323008609.000000,,
BATTERY,2,47.548807,323010764.800000,,
BATTERY,2,47.547388,323013805.800000,,
BATTERY,2,47.547357,323013996.800000,,
BATTERY,2,47.547259,323014188.800000,,
BATTERY,2,47.388413,324000128.000000,,
BATTERY,2,47.386994,324003169.000000,,
BATTERY,2,47.386963,324003360.000000,,
BATTERY,2,47.386865,324003552.000000,,
BATTERY,2,47.386373,324006604.800000,,
BATTERY,2,47.384954,324009645.800000,,
BATTERY,2,47.384923,324009836.800000,,
BATTERY,2,47.384825,324010028.800000,,
BATTERY,2,47.225051,325001728.000000,,
BATTERY,2,47.223632,325004769.000000,,
BATTERY,2,47.223601,325004960.000000,,
BATTERY,2,47.223503,325005152.000000,,
BATTERY,2,47.062304,326005696.000000,,
BATTERY,2,47.060885,326008737.000000,,
BATTERY,2,47.060855,326008928.000000,,
BATTERY,2,47.060756,326009120.000000,,
BATTERY,2,46.899341,327011008.000000,,
BATTERY,2,46.897922,327014049.000000,,
BATTERY,2,46.897891,327014240.000000,,
BATTERY,2,46.897793,327014432.000000,,
BATTERY,2,46.738883,328000768.000000,,
BATTERY,2,46.737464,328003809.000000,,
BATTERY,2,46.737433,328004000.000000,,
BATTERY,2,46.737335,328004192.000000,,
BATTERY,2,46.576879,329000128.000000,,
BATTERY,2,46.575460,329003169.000000,,
BATTERY,2,46.575429,329003360.000000,,
BATTERY,2,46.575331,329003552.000000,,
BATTERY,2,46.414153,330003968.000000,,
BATTERY,2,46.412734,330007009.000000,,
BATTERY,2,46.412703,330007200.000000,,
BATTERY,2,46.412605,330007392.000000,,
BATTERY,2,46.252406,331001728.000000,,
BATTERY,2,46.250987,331004769.000000,,
BATTERY,2,46.250640,331006924.800000,,
BATTERY,2,46.249221,331009965.800000,,
BATTERY,2,46.249190,331010156.800000,,
BATTERY,2,46.249092,331010348.800000,,
BATTERY,2,46.089473,332001088.000000,,
BATTERY,2,46.088053,332004129.000000,,
BATTERY,2,46.088023,332004320.000000,,
BATTERY,2,46.087925,332004512.000000,,
BATTERY,2,45.927262,333001728.000000,,
BATTERY,2,45.925843,333004769.000000,,
BATTERY,2,45.925812,333004960.000000,,
BATTERY,2,45.925714,333005152.000000,,
BATTERY,2,45.764742,334004288.000000,,
BATTERY,2,45.763323,334007329.000000,,
BATTERY,2,45.763292,334007520.000000,,
BATTERY,2,45.763194,334007712.000000,,
BATTERY,2,45.603253,335000448.000000,,
BATTERY,2,45.601834,335003489.000000,,
BATTERY,2,45.601803,335003680.000000,,
BATTERY,2,45.601705,335003872.000000,,
BATTERY,2,45.441197,336000128.000000,,
BATTERY,2,45.439778,336003169.000000,,
BATTERY,2,45.439747,336003360.000000,,
BATTERY,2,45.439649,336003552.000000,,
BATTERY,2,45.277058,337012736.000000,,
BATTERY,2,45.275639,337015777.000000,,
BATTERY,2,45.275609,337015968.000000,,
BATTERY,2,45.275510,337016160.000000,,
BATTERY,2,45.116673,338002048.000000,,
BATTERY,2,45.115254,338005089.000000,,
BATTERY,2,45.115223,338005280.000000,,
BATTERY,2,45.115125,338005472.000000,,
BATTERY,2,44.954669,339001408.000000,,
BATTERY,2,44.953249,339004449.000000,,
BATTERY,2,44.953219,339004640.000000,,
BATTERY,2,44.953120,339004832.000000,,
BATTERY,2,44.792716,340000448.000000,,
BATTERY,2,44.791297,340003489.000000,,
BATTERY,2,44.791266,340003680.000000,,
BATTERY,2,44.791168,340003872.000000,,
BATTERY,2,44.628030,341016448.000000,,
BATTERY,2,44.626611,341019489.000000,,
BATTERY,2,44.626581,341019680.000000,,
BATTERY,2,44.626482,341019872.000000,,
BATTERY,2,44.467985,342003648.000000,,
BATTERY,2,44.466566,342006689.000000,,
BATTERY,2,44.465961,342010444.800000,,
BATTERY,2,44.464542,342013485.800000,,
BATTERY,2,44.464349,342014681.600000,,
BATTERY,2,44.462930,342017722.600000,,
BATTERY,2,44.462899,342017913.600000,,
BATTERY,2,44.462801,342018105.600000,,
BATTERY,2,44.302885,343010688.000000,,
BATTERY,2,44.301466,343013729.000000,,
BATTERY,2,44.301435,343013920.000000,,
BATTERY,2,44.301337,343014112.000000,,
BATTERY,2,44.142479,344000128.000000,,
BATTERY,2,44.141060,344003169.000000,,
BATTERY,2,44.141029,344003360.000000,,
BATTERY,2,44.140931,344003552.000000,,
BATTERY,2,43.980114,345001728.000000,,
BATTERY,2,43.978694,345004769.000000,,
BATTERY,2,43.978664,345004960.000000,,
BATTERY,2,43.978566,345005152.000000,,
BATTERY,2,43.818109,346001088.000000,,
BATTERY,2,43.816690,346004129.000000,,
BATTERY,2,43.816659,346004320.000000,,
BATTERY,2,43.816561,346004512.000000,,
BATTERY,2,43.654043,347013248.000000,,
BATTERY,2,43.652623,347016289.000000,,
BATTERY,2,43.652593,347016480.000000,,
BATTERY,2,43.652495,347016672.000000,,
BATTERY,2,43.493843,348001408.000000,,
BATTERY,2,43.492423,348004449.000000,,
BATTERY,2,43.492393,348004640.000000,,
BATTERY,2,43.492295,348004832.000000,,
BATTERY,2,43.331580,349002368.000000,,
BATTERY,2,43.330161,349005409.000000,,
BATTERY,2,43.329866,349007244.800000,,
BATTERY,2,43.328446,349010285.800000,,
BATTERY,2,43.328416,349010476.800000,,
BATTERY,2,43.328317,349010668.800000,,
BATTERY,2,43.168905,350000128.000000,,
BATTERY,2,43.167485,350003169.000000,,
BATTERY,2,43.167455,350003360.000000,,
BATTERY,2,43.167357,350003552.000000,,
BATTERY,2,43.006642,351001088.000000,,
BATTERY,2,43.005223,351004129.000000,,
BATTERY,2,43.005193,351004320.000000,,
BATTERY,2,43.005094,351004512.000000,,
BATTERY,2,42.844586,352000768.000000,,
BATTERY,2,42.843167,352003809.000000,,
BATTERY,2,42.843137,352004000.000000,,
BATTERY,2,42.843038,352004192.000000,,
BATTERY,2,42.682376,353001408.000000,,
BATTERY,2,42.680957,353004449.000000,,
BATTERY,2,42.680926,353004640.000000,,
BATTERY,2,42.680828,353004832.000000,,
BATTERY,2,42.520475,354000128.000000,,
BATTERY,2,42.519055,354003169.000000,,
BATTERY,2,42.519025,354003360.000000,,
BATTERY,2,42.518927,354003552.000000,,
BATTERY,2,42.358367,355000128.000000,,
BATTERY,2,42.356948,355003169.000000,,
BATTERY,2,42.356917,355003360.000000,,
BATTERY,2,42.356819,355003552.000000,,
BATTERY,2,42.194022,356014016.000000,,
BATTERY,2,42.192603,356017057.000000,,
BATTERY,2,42.192572,356017248.000000,,
BATTERY,2,42.192474,356017440.000000,,
BATTERY,2,42.034101,357000448.000000,,
BATTERY,2,42.032681,357003489.000000,,
BATTERY,2,42.032386,357005324.800000,,
BATTERY,2,42.030966,357008365.800000,,
BATTERY,2,42.030936,357008556.800000,,
BATTERY,2,42.030838,357008748.800000,,
BATTERY,2,41.869208,358011968.000000,,
BATTERY,2,41.867789,358015009.000000,,
BATTERY,2,41.867758,358015200.000000,,
BATTERY,2,41.867660,358015392.000000,,
BATTERY,2,41.707080,359012096.000000,,
BATTERY,2,41.705661,359015137.000000,,
BATTERY,2,41.705630,359015328.000000,,
BATTERY,2,41.705532,359015520.000000,,
BATTERY,2,41.546694,360001408.000000,,
BATTERY,2,41.545275,360004449.000000,,
BATTERY,2,41.545244,360004640.000000,,
BATTERY,2,41.545146,360004832.000000,,
BATTERY,2,41.384587,361001408.000000,,
BATTERY,2,41.383167,361004449.000000,,
BATTERY,2,41.383137,361004640.000000,,
BATTERY,2,41.383039,361004832.000000,,
BATTERY,2,41.221706,362006208.000000,,
BATTERY,2,41.220287,362009249.000000,,
BATTERY,2,41.219939,362011404.800000,,
BATTERY,2,41.218520,362014445.800000,,
BATTERY,2,41.218489,362014636.800000,,
BATTERY,2,41.218391,362014828.800000,,
BATTERY,2,41.057844,363011328.000000,,
BATTERY,2,41.056425,363014369.000000,,
BATTERY,2,41.056394,363014560.000000,,
BATTERY,2,41.056296,363014752.000000,,
BATTERY,2,40.895530,364012608.000000,,
BATTERY,2,40.894111,364015649.000000,,
BATTERY,2,40.894081,364015840.000000,,
BATTERY,2,40.893982,364016032.000000,,
BATTERY,2,40.734454,365006208.000000,,
BATTERY,2,40.733035,365009249.000000,,
BATTERY,2,40.733004,365009440.000000,,
BATTERY,2,40.732906,365009632.000000,,
BATTERY,2,40.572274,366006656.000000,,
BATTERY,2,40.570855,366009697.000000,,
BATTERY,2,40.570824,366009888.000000,,
BATTERY,2,40.570726,366010080.000000,,
BATTERY,2,40.411219,367000128.000000,,
BATTERY,2,40.409799,367003169.000000,,
BATTERY,2,40.409504,367005004.800000,,
BATTERY,2,40.408085,367008045.800000,,
BATTERY,2,40.406046,367020697.600000,,
BATTERY,2,40.404627,367023738.600000,,
BATTERY,2,40.404596,367023929.600000,,
BATTERY,2,40.404498,367024121.600000,,
BATTERY,2,40.247150,368000768.000000,,
BATTERY,2,40.245730,368003809.000000,,
BATTERY,2,40.243764,368016012.800000,,
BATTERY,2,40.242345,368019053.800000,,
BATTERY,2,40.242314,368019244.800000,,
BATTERY,2,40.242216,368019436.800000,,
BATTERY,2,40.082009,369013824.000000,,
BATTERY,2,40.080590,369016865.000000,,
BATTERY,2,40.080560,369017056.000000,,
BATTERY,2,40.080461,369017248.000000,,
BATTERY,2,39.922109,370000128.000000,,
BATTERY,2,39.920689,370003169.000000,,
BATTERY,2,39.920445,370004684.800000,,
BATTERY,2,39.919026,370007725.800000,,
BATTERY,2,39.918995,370007916.800000,,
BATTERY,2,39.918897,370008108.800000,,
BATTERY,2,39.758917,371001088.000000,,
BATTERY,2,39.757498,371004129.000000,,
BATTERY,2,39.757467,371004320.000000,,
BATTERY,2,39.757369,371004512.000000,,
BATTERY,2,39.596088,372005568.000000,,
BATTERY,2,39.594669,372008609.000000,,
BATTERY,2,39.594638,372008800.000000,,
BATTERY,2,39.594540,372008992.000000,,
BATTERY,2,39.434702,373001088.000000,,
BATTERY,2,39.433283,373004129.000000,,
BATTERY,2,39.433252,373004320.000000,,
BATTERY,2,39.433154,373004512.000000,,
BATTERY,2,39.272749,374000128.000000,,
BATTERY,2,39.271330,374003169.000000,,
BATTERY,2,39.271299,374003360.000000,,
BATTERY,2,39.271201,374003552.000000,,
BATTERY,2,39.110487,375001088.000000,,
BATTERY,2,39.109068,375004129.000000,,
BATTERY,2,39.108669,375006604.800000,,
BATTERY,2,39.107250,375009645.800000,,
BATTERY,2,39.105098,375023001.600000,,
BATTERY,2,39.103679,375026042.600000,,
BATTERY,2,39.103648,375026233.600000,,
BATTERY,2,39.103550,375026425.600000,,
BATTERY,2,38.946521,376001088.000000,,
BATTERY,2,38.945102,376004129.000000,,
BATTERY,2,38.945071,376004320.000000,,
BATTERY,2,38.944973,376004512.000000,,
BATTERY,2,38.784465,377000768.000000,,
BATTERY,2,38.783046,377003809.000000,,
BATTERY,2,38.782008,377010252.800000,,
BATTERY,2,38.780589,377013293.800000,,
BATTERY,2,38.780558,377013484.800000,,
BATTERY,2,38.780460,377013676.800000,,
BATTERY,2,38.621274,378001728.000000,,
BATTERY,2,38.619855,378004769.000000,,
BATTERY,2,38.619611,378006284.800000,,
BATTERY,2,38.618191,378009325.800000,,
BATTERY,2,38.618161,378009516.800000,,
BATTERY,2,38.618063,378009708.800000,,
BATTERY,2,38.458495,379000128.000000,,
BATTERY,2,38.457076,379003169.000000,,
BATTERY,2,38.457045,379003360.000000,,
BATTERY,2,38.456947,379003552.000000,,
BATTERY,2,38.296233,380001088.000000,,
BATTERY,2,38.294814,380004129.000000,,
BATTERY,2,38.294783,380004320.000000,,
BATTERY,2,38.294685,380004512.000000,,
BATTERY,2,38.133352,381005888.000000,,
BATTERY,2,38.131933,381008929.000000,,
BATTERY,2,38.131902,381009120.000000,,
BATTERY,2,38.131804,381009312.000000,,
BATTERY,2,37.971502,382004288.000000,,
BATTERY,2,37.970083,382007329.000000,,
BATTERY,2,37.970052,382007520.000000,,
BATTERY,2,37.969954,382007712.000000,,
BATTERY,2,37.809498,383003648.000000,,
BATTERY,2,37.808079,383006689.000000,,
BATTERY,2,37.806597,383015884.800000,,
BATTERY,2,37.805178,383018925.800000,,
BATTERY,2,37.805147,383019116.800000,,
BATTERY,2,37.805049,383019308.800000,,
BATTERY,2,37.644090,384018368.000000,,
BATTERY,2,37.642670,384021409.000000,,
BATTERY,2,37.642640,384021600.000000,,
BATTERY,2,37.642542,384021792.000000,,
BATTERY,2,37.484096,385005248.000000,,
BATTERY,2,37.482677,385008289.000000,,
BATTERY,2,37.482646,385008480.000000,,
BATTERY,2,37.482548,385008672.000000,,
BATTERY,2,37.322813,386000128.000000,,
BATTERY,2,37.321394,386003169.000000,,
BATTERY,2,37.320892,386006284.800000,,
BATTERY,2,37.319473,386009325.800000,,
BATTERY,2,37.319177,386011161.600000,,
BATTERY,2,37.317758,386014202.600000,,
BATTERY,2,37.317727,386014393.600000,,
BATTERY,2,37.317629,386014585.600000,,
BATTERY,2,37.158744,387000768.000000,,
BATTERY,2,37.157325,387003809.000000,,
BATTERY,2,37.157294,387004000.000000,,
BATTERY,2,37.157196,387004192.000000,,
BATTERY,2,36.996688,388000448.000000,,
BATTERY,2,36.995269,388003489.000000,,
BATTERY,2,36.995238,388003680.000000,,
BATTERY,2,36.995140,388003872.000000,,
BATTERY,2,36.833581,389006656.000000,,
BATTERY,2,36.832161,389009697.000000,,
BATTERY,2,36.831917,389011212.800000,,
BATTERY,2,36.830498,389014253.800000,,
BATTERY,2,36.830467,389014444.800000,,
BATTERY,2,36.830369,389014636.800000,,
BATTERY,2,36.671493,390000768.000000,,
BATTERY,2,36.670073,390003809.000000,,
BATTERY,2,36.670043,390004000.000000,,
BATTERY,2,36.669945,390004192.000000,,
BATTERY,2,36.509127,391002368.000000,,
BATTERY,2,36.507708,391005409.000000,,
BATTERY,2,36.507515,391006604.800000,,
BATTERY,2,36.506096,391009645.800000,,
BATTERY,2,36.506066,391009836.800000,,
BATTERY,2,36.505967,391010028.800000,,
BATTERY,2,36.346348,392000768.000000,,
BATTERY,2,36.344929,392003809.000000,,
BATTERY,2,36.344898,392004000.000000,,
BATTERY,2,36.344800,392004192.000000,,
BATTERY,2,36.184138,393001408.000000,,
BATTERY,2,36.182719,393004449.000000,,
BATTERY,2,36.182688,393004640.000000,,
BATTERY,2,36.182590,393004832.000000,,
BATTERY,2,36.020329,394011968.000000,,
BATTERY,2,36.018910,394015009.000000,,
BATTERY,2,36.018879,394015200.000000,,
BATTERY,2,36.018781,394015392.000000,,
BATTERY,2,35.858459,395010496.000000,,
BATTERY,2,35.857039,395013537.000000,,
BATTERY,2,35.857009,395013728.000000,,
BATTERY,2,35.856911,395013920.000000,,
BATTERY,2,35.698021,396000128.000000,,
BATTERY,2,35.696602,396003169.000000,,
BATTERY,2,35.696572,396003360.000000,,
BATTERY,2,35.696473,396003552.000000,,
BATTERY,2,35.535089,397005248.000000,,
BATTERY,2,35.533670,397008289.000000,,
BATTERY,2,35.533639,397008480.000000,,
BATTERY,2,35.533541,397008672.000000,,
BATTERY,2,35.371260,398015936.000000,,
BATTERY,2,35.369840,398018977.000000,,
BATTERY,2,35.369810,398019168.000000,,
BATTERY,2,35.369712,398019360.000000,,
BATTERY,2,35.210255,399009088.000000,,
BATTERY,2,35.208836,399012129.000000,,
BATTERY,2,35.208805,399012320.000000,,
BATTERY,2,35.208707,399012512.000000,,
BATTERY,2,35.049231,400002368.000000,,
BATTERY,2,35.047811,400005409.000000,,
BATTERY,2,35.047258,400008844.800000,,
BATTERY,2,35.045839,400011885.800000,,
BATTERY,2,35.043893,400023961.600000,,
BATTERY,2,35.042474,400027002.600000,,
BATTERY,2,35.042443,400027193.600000,,
BATTERY,2,35.042345,400027385.600000,,
BATTERY,2,34.885626,401000128.000000,,
BATTERY,2,34.884206,401003169.000000,,
BATTERY,2,34.884176,401003360.000000,,
BATTERY,2,34.884077,401003552.000000,,
BATTERY,2,34.723518,402000128.000000,,
BATTERY,2,34.722099,402003169.000000,,
BATTERY,2,34.722068,402003360.000000,,
BATTERY,2,34.721970,402003552.000000,,
BATTERY,2,34.558740,403016704.000000,,
BATTERY,2,34.557321,403019745.000000,,
BATTERY,2,34.557290,403019936.000000,,
BATTERY,2,34.557192,403020128.000000,,
BATTERY,2,34.399251,404000448.000000,,
BATTERY,2,34.397832,404003489.000000,,
BATTERY,2,34.397802,404003680.000000,,
BATTERY,2,34.397703,404003872.000000,,
BATTERY,2,34.235339,405011648.000000,,
BATTERY,2,34.233920,405014689.000000,,
BATTERY,2,34.233890,405014880.000000,,
BATTERY,2,34.233791,405015072.000000,,
BATTERY,2,34.074830,406001728.000000,,
BATTERY,2,34.073411,406004769.000000,,
BATTERY,2,34.073380,406004960.000000,,
BATTERY,2,34.073282,406005152.000000,,
BATTERY,2,33.912980,407000128.000000,,
BATTERY,2,33.911561,407003169.000000,,
BATTERY,2,33.911531,407003360.000000,,
BATTERY,2,33.911432,407003552.000000,,
BATTERY,2,33.750718,408001088.000000,,
BATTERY,2,33.749299,408004129.000000,,
BATTERY,2,33.749268,408004320.000000,,
BATTERY,2,33.749170,408004512.000000,,
BATTERY,2,33.588662,409000768.000000,,
BATTERY,2,33.587243,409003809.000000,,
BATTERY,2,33.587212,409004000.000000,,
BATTERY,2,33.587114,409004192.000000,,
BATTERY,2,33.426503,410001088.000000,,
BATTERY,2,33.425084,410004129.000000,,
BATTERY,2,33.425053,410004320.000000,,
BATTERY,2,33.424955,410004512.000000,,
BATTERY,2,33.102718,412004608.000000,,
BATTERY,2,33.101298,412007649.000000,,
BATTERY,2,33.101268,412007840.000000,,
BATTERY,2,33.101170,412008032.000000,,
BATTERY,2,32.939167,413013568.000000,,
BATTERY,2,32.937747,413016609.000000,,
BATTERY,2,32.937717,413016800.000000,,
BATTERY,2,32.937618,413016992.000000,,
BATTERY,2,32.779018,414001408.000000,,
BATTERY,2,32.777599,414004449.000000,,
BATTERY,2,32.775808,414015564.800000,,
BATTERY,2,32.774389,414018605.800000,,
BATTERY,2,32.774358,414018796.800000,,
BATTERY,2,32.774260,414018988.800000,,
BATTERY,2,32.615878,415002048.000000,,
BATTERY,2,32.614459,415005089.000000,,
BATTERY,2,32.614267,415006284.800000,,
BATTERY,2,32.612847,415009325.800000,,
BATTERY,2,32.612817,415009516.800000,,
BATTERY,2,32.612718,415009708.800000,,
BATTERY,2,32.453151,416000128.000000,,
BATTERY,2,32.451732,416003169.000000,,
BATTERY,2,32.451701,416003360.000000,,
BATTERY,2,32.451603,416003552.000000,,
BATTERY,2,32.290940,417000768.000000,,
BATTERY,2,32.289521,417003809.000000,,
BATTERY,2,32.289490,417004000.000000,,
BATTERY,2,32.289392,417004192.000000,,
BATTERY,2,32.127214,418010816.000000,,
BATTERY,2,32.125795,418013857.000000,,
BATTERY,2,32.125764,418014048.000000,,
BATTERY,2,32.125666,418014240.000000,,
BATTERY,2,31.966828,419000128.000000,,
BATTERY,2,31.965409,419003169.000000,,
BATTERY,2,31.965379,419003360.000000,,
BATTERY,2,31.965280,419003552.000000,,
BATTERY,2,31.804721,420000128.000000,,
BATTERY,2,31.803302,420003169.000000,,
BATTERY,2,31.803271,420003360.000000,,
BATTERY,2,31.803173,420003552.000000,,
BATTERY,2,31.641634,421006208.000000,,
BATTERY,2,31.640215,421009249.000000,,
BATTERY,2,31.640184,421009440.000000,,
BATTERY,2,31.640086,421009632.000000,,
BATTERY,2,31.480300,422001408.000000,,
BATTERY,2,31.478881,422004449.000000,,
BATTERY,2,31.478018,422009804.800000,,
BATTERY,2,31.476599,422012845.800000,,
BATTERY,2,31.476568,422013036.800000,,
BATTERY,2,31.476470,422013228.800000,,
BATTERY,2,31.317366,423000768.000000,,
BATTERY,2,31.315947,423003809.000000,,
BATTERY,2,31.315916,423004000.000000,,
BATTERY,2,31.315818,423004192.000000,,
BATTERY,2,31.154640,424004608.000000,,
BATTERY,2,31.153221,424007649.000000,,
BATTERY,2,31.153190,424007840.000000,,
BATTERY,2,31.153092,424008032.000000,,
BATTERY,2,30.993254,425000128.000000,,
BATTERY,2,30.991835,425003169.000000,,
BATTERY,2,30.991804,425003360.000000,,
BATTERY,2,30.991706,425003552.000000,,
BATTERY,2,30.828517,426016448.000000,,
BATTERY,2,30.827098,426019489.000000,,
BATTERY,2,30.827067,426019680.000000,,
BATTERY,2,30.826969,426019872.000000,,
BATTERY,2,30.669039,427000128.000000,,
BATTERY,2,30.667620,427003169.000000,,
BATTERY,2,30.667589,427003360.000000,,
BATTERY,2,30.667491,427003552.000000,,
BATTERY,2,30.506107,428005248.000000,,
BATTERY,2,30.504688,428008289.000000,,
BATTERY,2,30.504657,428008480.000000,,
BATTERY,2,30.504559,428008672.000000,,
BATTERY,2,30.344824,429000128.000000,,
BATTERY,2,30.343405,429003169.000000,,
BATTERY,2,30.343374,429003360.000000,,
BATTERY,2,30.343276,429003552.000000,,
BATTERY,2,30.181376,430008448.000000,,
BATTERY,2,30.179957,430011489.000000,,
BATTERY,2,30.179926,430011680.000000,,
BATTERY,2,30.179828,430011872.000000,,
BATTERY,2,30.019526,431006848.000000,,
BATTERY,2,30.018107,431009889.000000,,
BATTERY,2,30.018077,431010080.000000,,
BATTERY,2,30.017978,431010272.000000,,
BATTERY,2,29.857522,432006208.000000,,
BATTERY,2,29.856103,432009249.000000,,
BATTERY,2,29.856072,432009440.000000,,
BATTERY,2,29.855974,432009632.000000,,
BATTERY,2,29.696291,433000768.000000,,
BATTERY,2,29.694872,433003809.000000,,
BATTERY,2,29.694841,433004000.000000,,
BATTERY,2,29.694743,433004192.000000,,
BATTERY,2,29.534287,434000128.000000,,
BATTERY,2,29.532868,434003169.000000,,
BATTERY,2,29.532837,434003360.000000,,
BATTERY,2,29.532739,434003552.000000,,
BATTERY,2,29.372179,435000128.000000,,
BATTERY,2,29.370760,435003169.000000,,
BATTERY,2,29.370729,435003360.000000,,
BATTERY,2,29.370631,435003552.000000,,
BATTERY,2,29.208350,436010816.000000,,
BATTERY,2,29.206931,436013857.000000,,
BATTERY,2,29.206900,436014048.000000,,
BATTERY,2,29.206802,436014240.000000,,
BATTERY,2,29.047706,437001728.000000,,
BATTERY,2,29.046287,437004769.000000,,
BATTERY,2,29.046256,437004960.000000,,
BATTERY,2,29.046158,437005152.000000,,
BATTERY,2,28.885135,438004608.000000,,
BATTERY,2,28.883716,438007649.000000,,
BATTERY,2,28.882904,438012684.800000,,
BATTERY,2,28.881485,438015725.800000,,
BATTERY,2,28.881454,438015916.800000,,
BATTERY,2,28.881356,438016108.800000,,
BATTERY,2,28.880710,438020121.600000,,
BATTERY,2,28.879291,438023162.600000,,
BATTERY,2,28.879260,438023353.600000,,
BATTERY,2,28.879162,438023545.600000,,
BATTERY,2,28.721824,439000128.000000,,
BATTERY,2,28.720404,439003169.000000,,
BATTERY,2,28.720374,439003360.000000,,
BATTERY,2,28.720275,439003552.000000,,
BATTERY,2,28.557860,440011648.000000,,
BATTERY,2,28.556441,440014689.000000,,
BATTERY,2,28.556410,440014880.000000,,
BATTERY,2,28.556312,440015072.000000,,
BATTERY,2,28.396144,441009216.000000,,
BATTERY,2,28.394725,441012257.000000,,
BATTERY,2,28.394694,441012448.000000,,
BATTERY,2,28.394596,441012640.000000,,
BATTERY,2,28.235449,442000448.000000,,
BATTERY,2,28.234030,442003489.000000,,
BATTERY,2,28.234000,442003680.000000,,
BATTERY,2,28.233901,442003872.000000,,
BATTERY,2,28.070558,443017728.000000,,
BATTERY,2,28.069139,443020769.000000,,
BATTERY,2,28.069108,443020960.000000,,
BATTERY,2,28.069010,443021152.000000,,
BATTERY,2,27.910461,444005248.000000,,
BATTERY,2,27.909042,444008289.000000,,
BATTERY,2,27.909011,444008480.000000,,
BATTERY,2,27.908913,444008672.000000,,
BATTERY,2,27.748250,445005888.000000,,
BATTERY,2,27.746831,445008929.000000,,
BATTERY,2,27.746801,445009120.000000,,
BATTERY,2,27.746702,445009312.000000,,
BATTERY,2,27.585225,446011584.000000,,
BATTERY,2,27.583806,446014625.000000,,
BATTERY,2,27.583775,446014816.000000,,
BATTERY,2,27.583677,446015008.000000,,
BATTERY,2,27.424809,447001088.000000,,
BATTERY,2,27.423390,447004129.000000,,
BATTERY,2,27.423359,447004320.000000,,
BATTERY,2,27.423261,447004512.000000,,
BATTERY,2,27.261361,448009408.000000,,
BATTERY,2,27.259942,448012449.000000,,
BATTERY,2,27.259911,448012640.000000,,
BATTERY,2,27.259813,448012832.000000,,
BATTERY,2,27.100594,449001088.000000,,
BATTERY,2,27.099175,449004129.000000,,
BATTERY,2,27.097023,449017484.800000,,
BATTERY,2,27.095604,449020525.800000,,
BATTERY,2,27.095573,449020716.800000,,
BATTERY,2,27.095475,449020908.800000,,
BATTERY,2,26.936887,450005248.000000,,
BATTERY,2,26.935468,450008289.000000,,
BATTERY,2,26.935437,450008480.000000,,
BATTERY,2,26.935339,450008672.000000,,
BATTERY,2,26.775346,451001728.000000,,
BATTERY,2,26.773927,451004769.000000,,
BATTERY,2,26.773580,451006924.800000,,
BATTERY,2,26.772161,451009965.800000,,
BATTERY,2,26.772130,451010156.800000,,
BATTERY,2,26.772032,451010348.800000,,
BATTERY,2,26.610041,452015808.000000,,
BATTERY,2,26.608622,452018849.000000,,
BATTERY,2,26.608591,452019040.000000,,
BATTERY,2,26.608493,452019232.000000,,
BATTERY,2,26.450357,453000768.000000,,
BATTERY,2,26.448938,453003809.000000,,
BATTERY,2,26.448907,453004000.000000,,
BATTERY,2,26.448809,453004192.000000,,
BATTERY,2,26.288353,454000128.000000,,
BATTERY,2,26.286933,454003169.000000,,
BATTERY,2,26.286903,454003360.000000,,
BATTERY,2,26.286805,454003552.000000,,
BATTERY,2,26.125575,455004288.000000,,
BATTERY,2,26.124156,455007329.000000,,
BATTERY,2,26.124125,455007520.000000,,
BATTERY,2,26.124027,455007712.000000,,
BATTERY,2,25.963261,456005568.000000,,
BATTERY,2,25.961842,456008609.000000,,
BATTERY,2,25.961811,456008800.000000,,
BATTERY,2,25.961713,456008992.000000,,
BATTERY,2,25.800586,457009088.000000,,
BATTERY,2,25.799167,457012129.000000,,
BATTERY,2,25.799137,457012320.000000,,
BATTERY,2,25.799038,457012512.000000,,
BATTERY,2,25.639665,458001728.000000,,
BATTERY,2,25.638246,458004769.000000,,
BATTERY,2,25.638215,458004960.000000,,
BATTERY,2,25.638117,458005152.000000,,
BATTERY,2,25.477815,459000128.000000,,
BATTERY,2,25.476396,459003169.000000,,
BATTERY,2,25.476365,459003360.000000,,
BATTERY,2,25.476267,459003552.000000,,
BATTERY,2,25.312924,460017408.000000,,
BATTERY,2,25.311504,460020449.000000,,
BATTERY,2,25.311474,460020640.000000,,
BATTERY,2,25.311375,460020832.000000,,
BATTERY,2,25.153445,461001088.000000,,
BATTERY,2,25.152026,461004129.000000,,
BATTERY,2,25.151995,461004320.000000,,
BATTERY,2,25.151897,461004512.000000,,
BATTERY,2,24.991338,462001088.000000,,
BATTERY,2,24.989919,462004129.000000,,
BATTERY,2,24.989888,462004320.000000,,
BATTERY,2,24.989790,462004512.000000,,
BATTERY,2,24.828560,463005248.000000,,
BATTERY,2,24.827141,463008289.000000,,
BATTERY,2,24.827110,463008480.000000,,
BATTERY,2,24.827012,463008672.000000,,
BATTERY,2,24.667123,464001088.000000,,
BATTERY,2,24.665704,464004129.000000,,
BATTERY,2,24.665673,464004320.000000,,
BATTERY,2,24.665575,464004512.000000,,
BATTERY,2,24.504861,465002048.000000,,
BATTERY,2,24.503442,465005089.000000,,
BATTERY,2,24.503411,465005280.000000,,
BATTERY,2,24.503313,465005472.000000,,
BATTERY,2,24.342475,466003776.000000,,
BATTERY,2,24.341056,466006817.000000,,
BATTERY,2,24.341025,466007008.000000,,
BATTERY,2,24.340927,466007200.000000,,
BATTERY,2,24.178996,467012288.000000,,
BATTERY,2,24.177577,467015329.000000,,
BATTERY,2,24.177546,467015520.000000,,
BATTERY,2,24.177448,467015712.000000,,
BATTERY,2,24.016682,468013568.000000,,
BATTERY,2,24.015263,468016609.000000,,
BATTERY,2,24.015232,468016800.000000,,
BATTERY,2,24.015134,468016992.000000,,
BATTERY,2,23.855812,469005888.000000,,
BATTERY,2,23.854393,469008929.000000,,
BATTERY,2,23.854362,469009120.000000,,
BATTERY,2,23.854264,469009312.000000,,
BATTERY,2,23.692467,470013568.000000,,
BATTERY,2,23.691048,470016609.000000,,
BATTERY,2,23.691017,470016800.000000,,
BATTERY,2,23.690919,470016992.000000,,
BATTERY,2,23.531752,471004928.000000,,
BATTERY,2,23.530332,471007969.000000,,
BATTERY,2,23.530302,471008160.000000,,
BATTERY,2,23.530204,471008352.000000,,
BATTERY,2,23.369644,472004928.000000,,
BATTERY,2,23.368225,472007969.000000,,
BATTERY,2,23.367517,472012364.800000,,
BATTERY,2,23.366098,472015405.800000,,
BATTERY,2,23.366067,472015596.800000,,
BATTERY,2,23.365969,472015788.800000,,
BATTERY,2,23.207175,473001408.000000,,
BATTERY,2,23.205755,473004449.000000,,
BATTERY,2,23.205725,473004640.000000,,
BATTERY,2,23.205626,473004832.000000,,
BATTERY,2,23.043242,474012736.000000,,
BATTERY,2,23.041823,474015777.000000,,
BATTERY,2,23.041792,474015968.000000,,
BATTERY,2,23.041694,474016160.000000,,
BATTERY,2,22.882599,475003648.000000,,
BATTERY,2,22.881180,475006689.000000,,
BATTERY,2,22.880987,475007884.800000,,
BATTERY,2,22.879568,475010925.800000,,
BATTERY,2,22.878756,475015961.600000,,
BATTERY,2,22.877337,475019002.600000,,
BATTERY,2,22.877306,475019193.600000,,
BATTERY,2,22.877208,475019385.600000,,
BATTERY,2,22.719045,476001088.000000,,
BATTERY,2,22.717626,476004129.000000,,
BATTERY,2,22.717595,476004320.000000,,
BATTERY,2,22.717497,476004512.000000,,
BATTERY,2,22.555288,477011328.000000,,
BATTERY,2,22.553869,477014369.000000,,
BATTERY,2,22.553838,477014560.000000,,
BATTERY,2,22.553740,477014752.000000,,
BATTERY,2,22.394263,478004608.000000,,
BATTERY,2,22.392844,478007649.000000,,
BATTERY,2,22.392813,478007840.000000,,
BATTERY,2,22.392715,478008032.000000,,
BATTERY,2,22.232156,479004608.000000,,
BATTERY,2,22.230736,479007649.000000,,
BATTERY,2,22.230706,479007840.000000,,
BATTERY,2,22.230608,479008032.000000,,
BATTERY,2,22.070460,480002048.000000,,
BATTERY,2,22.069041,480005089.000000,,
BATTERY,2,22.069011,480005280.000000,,
BATTERY,2,22.068912,480005472.000000,,
BATTERY,2,21.907992,481004288.000000,,
BATTERY,2,21.906573,481007329.000000,,
BATTERY,2,21.905710,481012684.800000,,
BATTERY,2,21.904291,481015725.800000,,
BATTERY,2,21.904260,481015916.800000,,
BATTERY,2,21.904162,481016108.800000,,
BATTERY,2,21.745368,482001728.000000,,
BATTERY,2,21.743949,482004769.000000,,
BATTERY,2,21.743918,482004960.000000,,
BATTERY,2,21.743820,482005152.000000,,
BATTERY,2,21.583518,483000128.000000,,
BATTERY,2,21.582099,483003169.000000,,
BATTERY,2,21.582068,483003360.000000,,
BATTERY,2,21.581970,483003552.000000,,
BATTERY,2,21.421411,484000128.000000,,
BATTERY,2,21.419991,484003169.000000,,
BATTERY,2,21.419961,484003360.000000,,
BATTERY,2,21.419863,484003552.000000,,
BATTERY,2,21.259097,485001408.000000,,
BATTERY,2,21.257678,485004449.000000,,
BATTERY,2,21.257647,485004640.000000,,
BATTERY,2,21.257549,485004832.000000,,
BATTERY,2,21.097092,486000768.000000,,
BATTERY,2,21.095673,486003809.000000,,
BATTERY,2,21.095643,486004000.000000,,
BATTERY,2,21.095544,486004192.000000,,
BATTERY,2,20.934294,487005056.000000,,
BATTERY,2,20.932875,487008097.000000,,
BATTERY,2,20.932844,487008288.000000,,
BATTERY,2,20.932746,487008480.000000,,
BATTERY,2,20.772723,488001728.000000,,
BATTERY,2,20.771304,488004769.000000,,
BATTERY,2,20.771273,488004960.000000,,
BATTERY,2,20.771175,488005152.000000,,
BATTERY,2,20.610048,489005248.000000,,
BATTERY,2,20.608629,489008289.000000,,
BATTERY,2,20.608127,489011404.800000,,
BATTERY,2,20.606708,489014445.800000,,
BATTERY,2,20.606677,489014636.800000,,
BATTERY,2,20.606579,489014828.800000,,
BATTERY,2,20.445341,490015616.000000,,
BATTERY,2,20.443922,490018657.000000,,
BATTERY,2,20.443891,490018848.000000,,
BATTERY,2,20.443793,490019040.000000,,
BATTERY,2,20.285110,491003968.000000,,
BATTERY,2,20.283691,491007009.000000,,
BATTERY,2,20.283660,491007200.000000,,
BATTERY,2,20.283562,491007392.000000,,
BATTERY,2,20.123621,492000128.000000,,
BATTERY,2,20.122202,492003169.000000,,
BATTERY,2,20.122171,492003360.000000,,
BATTERY,2,20.122073,492003552.000000,,
BATTERY,2,19.961462,493000448.000000,,
BATTERY,2,19.960043,493003489.000000,,
BATTERY,2,19.960012,493003680.000000,,
BATTERY,2,19.959914,493003872.000000,,
BATTERY,2,19.798612,494005056.000000,,
BATTERY,2,19.797193,494008097.000000,,
BATTERY,2,19.797163,494008288.000000,,
BATTERY,2,19.797064,494008480.000000,,
BATTERY,2,19.637247,495000448.000000,,
BATTERY,2,19.635828,495003489.000000,,
BATTERY,2,19.635797,495003680.000000,,
BATTERY,2,19.635699,495003872.000000,,
BATTERY,2,19.475088,496000768.000000,,
BATTERY,2,19.473669,496003809.000000,,
BATTERY,2,19.473638,496004000.000000,,
BATTERY,2,19.473540,496004192.000000,,
BATTERY,2,19.311176,497011968.000000,,
BATTERY,2,19.309757,497015009.000000,,
BATTERY,2,19.309726,497015200.000000,,
BATTERY,2,19.309628,497015392.000000,,
BATTERY,2,19.150925,498000448.000000,,
BATTERY,2,19.149506,498003489.000000,,
BATTERY,2,19.149475,498003680.000000,,
BATTERY,2,19.149377,498003872.000000,,
BATTERY,2,18.985858,499018816.000000,,
BATTERY,2,18.984439,499021857.000000,,
BATTERY,2,18.984408,499022048.000000,,
BATTERY,2,18.984310,499022240.000000,,
BATTERY,2,18.983473,499027437.800000,,
