BATTERY,3,99.993518,40235.000000,,
BATTERY,3,99.993518,40235.000000,,
BATTERY,3,99.993208,42155.000000,,
BATTERY,3,99.993208,42155.000000,,
BATTERY,3,99.992548,46253.000000,,
BATTERY,3,99.992548,46253.000000,,
BATTERY,3,99.992445,46894.000000,,
BATTERY,3,99.991676,48398.000000,,
BATTERY,3,99.991655,48527.000000,,
BATTERY,3,99.990878,50192.000000,,
BATTERY,3,99.990275,53934.000000,,
BATTERY,3,99.989441,55566.000000,,
BATTERY,3,99.989075,57841.000000,,
BATTERY,3,99.989075,57841.000000,,
BATTERY,3,99.988745,59889.000000,,
BATTERY,3,99.988745,59889.000000,,
BATTERY,3,99.988693,60210.000000,,
BATTERY,3,99.987859,61842.000000,,
BATTERY,3,99.987684,62931.000000,,
BATTERY,3,99.986907,64596.000000,,
BATTERY,3,99.986680,66004.000000,,
BATTERY,3,99.985903,67669.000000,,
BATTERY,3,99.985759,68563.000000,,
BATTERY,3,99.984925,70195.000000,,
BATTERY,3,99.984615,72116.000000,,
BATTERY,3,99.983781,73748.000000,,
BATTERY,3,99.983709,74197.000000,,
BATTERY,3,99.982932,75862.000000,,
BATTERY,3,99.982586,78006.000000,,
BATTERY,3,99.982586,78006.000000,,
BATTERY,3,99.982447,78870.000000,,
BATTERY,3,99.981595,80695.000000,,
BATTERY,3,99.907627,539806.000000,,
BATTERY,3,99.907627,539806.000000,,
BATTERY,3,99.907119,542963.000000,,
BATTERY,3,99.906285,544595.000000,,
BATTERY,3,99.906161,545364.000000,,
BATTERY,3,99.905384,547029.000000,,
BATTERY,3,99.904938,549794.000000,,
BATTERY,3,99.904938,549794.000000,,
BATTERY,3,99.904644,551619.000000,,
BATTERY,3,99.904644,551619.000000,,
BATTERY,3,99.904330,553572.000000,,
BATTERY,3,99.904330,553572.000000,,
BATTERY,3,99.903829,556677.000000,,
BATTERY,3,99.903829,556677.000000,,
BATTERY,3,99.903412,559270.000000,,
BATTERY,3,99.903412,559270.000000,,
BATTERY,3,99.821947,1064911.000000,,
BATTERY,3,99.821947,1064911.000000,,
BATTERY,3,99.745591,1538847.000000,,
BATTERY,3,99.745591,1538847.000000,,
BATTERY,3,99.744745,1544098.000000,,
BATTERY,3,99.743976,1545602.000000,,
BATTERY,3,99.743646,1547650.000000,,
BATTERY,3,99.743646,1547650.000000,,
BATTERY,3,99.743332,1549603.000000,,
BATTERY,3,99.743332,1549603.000000,,
BATTERY,3,99.743208,1550372.000000,,
BATTERY,3,99.742431,1552037.000000,,
BATTERY,3,99.742384,1552325.000000,,
BATTERY,3,99.741607,1553990.000000,,
BATTERY,3,99.741303,1555878.000000,,
BATTERY,3,99.740526,1557543.000000,,
BATTERY,3,99.740495,1557734.000000,,
BATTERY,3,99.740397,1557926.000000,,
BATTERY,3,99.740273,1558695.000000,,
BATTERY,3,99.739496,1560360.000000,,
BATTERY,3,99.739466,1560551.000000,,
BATTERY,3,99.739367,1560743.000000,,
BATTERY,3,99.736789,1576747.000000,,
BATTERY,3,99.735333,1579595.000000,,
BATTERY,3,99.735333,1579595.000000,,
BATTERY,3,99.735154,1579980.000000,,
BATTERY,3,99.734741,1582540.000000,,
BATTERY,3,99.733286,1585388.000000,,
BATTERY,3,99.733286,1585388.000000,,
BATTERY,3,99.733106,1585773.000000,,
BATTERY,3,99.664714,2010273.000000,,
BATTERY,3,99.663259,2013121.000000,,
BATTERY,3,99.663259,2013121.000000,,
BATTERY,3,99.663079,2013506.000000,,
BATTERY,3,99.562199,2639655.000000,,
BATTERY,3,99.562199,2639655.000000,,
BATTERY,3,99.562048,2640595.000000,,
BATTERY,3,99.561271,2642260.000000,,
BATTERY,3,99.561090,2643384.000000,,
BATTERY,3,99.560256,2645016.000000,,
BATTERY,3,99.559854,2647507.000000,,
BATTERY,3,99.559854,2647507.000000,,
BATTERY,3,99.559442,2650068.000000,,
BATTERY,3,99.558673,2651572.000000,,
BATTERY,3,99.501553,3006113.000000,,
BATTERY,3,99.500097,3008961.000000,,
BATTERY,3,99.500097,3008961.000000,,
BATTERY,3,99.499917,3009346.000000,,
BATTERY,3,99.337347,4018401.000000,,
BATTERY,3,99.335892,4021249.000000,,
BATTERY,3,99.335892,4021249.000000,,
BATTERY,3,99.335712,4021634.000000,,
BATTERY,3,99.235464,4643863.000000,,
BATTERY,3,99.235464,4643863.000000,,
BATTERY,3,99.235118,4646008.000000,,
BATTERY,3,99.235118,4646008.000000,,
BATTERY,3,99.234376,4650618.000000,,
BATTERY,3,99.234376,4650618.000000,,
BATTERY,3,99.234279,4651215.000000,,
BATTERY,3,99.233445,4652847.000000,,
BATTERY,3,99.233218,4654256.000000,,
BATTERY,3,99.232441,4655921.000000,,
BATTERY,3,99.232055,4658321.000000,,
BATTERY,3,99.231278,4659986.000000,,
BATTERY,3,99.231247,4660177.000000,,
BATTERY,3,99.231149,4660369.000000,,
BATTERY,3,99.230870,4662098.000000,,
BATTERY,3,99.230093,4663763.000000,,
BATTERY,3,99.230062,4663954.000000,,
BATTERY,3,99.229964,4664146.000000,,
BATTERY,3,99.228020,4676213.000000,,
BATTERY,3,99.226924,4678357.000000,,
BATTERY,3,99.226924,4678357.000000,,
BATTERY,3,99.226745,4678742.000000,,
BATTERY,3,99.226466,4680470.000000,,
BATTERY,3,99.225734,4682039.000000,,
BATTERY,3,99.224084,4692278.000000,,
BATTERY,3,99.222989,4694422.000000,,
BATTERY,3,99.222989,4694422.000000,,
BATTERY,3,99.222809,4694807.000000,,
BATTERY,3,99.222603,4696087.000000,,
BATTERY,3,99.221507,4698231.000000,,
BATTERY,3,99.221507,4698231.000000,,
BATTERY,3,99.221327,4698616.000000,,
BATTERY,3,99.219583,4709445.000000,,
BATTERY,3,99.218850,4711014.000000,,
BATTERY,3,99.217971,4716471.000000,,
BATTERY,3,99.217202,4717975.000000,,
BATTERY,3,99.216857,4720120.000000,,
BATTERY,3,99.216857,4720120.000000,,
BATTERY,3,99.216548,4722040.000000,,
BATTERY,3,99.216548,4722040.000000,,
BATTERY,3,99.216150,4724505.000000,,
BATTERY,3,99.216150,4724505.000000,,
BATTERY,3,99.168770,5018593.000000,,
BATTERY,3,99.167314,5021441.000000,,
BATTERY,3,99.167314,5021441.000000,,
BATTERY,3,99.167134,5021826.000000,,
BATTERY,3,99.136701,5210725.000000,,
BATTERY,3,99.135968,5212294.000000,,
BATTERY,3,99.135549,5214894.000000,,
BATTERY,3,99.135549,5214894.000000,,
BATTERY,3,99.134642,5220524.000000,,
BATTERY,3,99.134642,5220524.000000,,
BATTERY,3,99.134591,5220845.000000,,
BATTERY,3,99.133822,5222349.000000,,
BATTERY,3,99.133513,5224269.000000,,
BATTERY,3,99.133513,5224269.000000,,
BATTERY,3,99.133425,5224812.000000,,
BATTERY,3,99.132656,5226316.000000,,
BATTERY,3,99.131924,5230862.000000,,
BATTERY,3,99.131172,5232334.000000,,
BATTERY,3,99.131172,5232334.000000,,
BATTERY,3,99.130992,5232719.000000,,
BATTERY,3,99.130765,5234127.000000,,
BATTERY,3,99.129675,5236464.000000,,
BATTERY,3,99.129644,5236655.000000,,
BATTERY,3,99.129546,5236847.000000,,
BATTERY,3,99.128556,5242992.000000,,
BATTERY,3,99.127465,5245329.000000,,
BATTERY,3,99.127032,5248017.000000,,
BATTERY,3,99.125941,5250354.000000,,
BATTERY,3,99.125715,5251762.000000,,
BATTERY,3,99.124624,5254099.000000,,
BATTERY,3,99.124294,5256147.000000,,
BATTERY,3,99.123263,5258356.000000,,
BATTERY,3,99.122933,5260404.000000,,
BATTERY,3,99.121902,5262613.000000,,
BATTERY,3,99.121779,5263381.000000,,
BATTERY,3,99.120748,5265590.000000,,
BATTERY,3,99.120624,5266358.000000,,
BATTERY,3,99.119593,5268567.000000,,
BATTERY,3,99.119303,5270369.800000,,
BATTERY,3,99.118272,5272578.800000,,
BATTERY,3,99.117924,5274734.600000,,
BATTERY,3,99.116894,5276943.600000,,
BATTERY,3,99.116863,5277134.600000,,
BATTERY,3,99.116765,5277326.600000,,
BATTERY,3,99.116625,5278190.600000,,
BATTERY,3,99.114614,5282126.600000,,
BATTERY,3,99.114614,5282126.600000,,
BATTERY,3,99.114434,5282511.600000,,
BATTERY,3,99.050484,5679445.000000,,
BATTERY,3,99.049393,5681782.000000,,
BATTERY,3,99.049362,5681973.000000,,
BATTERY,3,99.049264,5682165.000000,,
BATTERY,3,99.047593,5692536.000000,,
BATTERY,3,99.046563,5694552.000000,,
BATTERY,3,99.046563,5694552.000000,,
BATTERY,3,99.046383,5694937.000000,,
BATTERY,3,98.996404,6005153.000000,,
BATTERY,3,98.994948,6008001.000000,,
BATTERY,3,98.994948,6008001.000000,,
BATTERY,3,98.994769,6008386.000000,,
BATTERY,3,98.833354,7010273.000000,,
BATTERY,3,98.831898,7013121.000000,,
BATTERY,3,98.831898,7013121.000000,,
BATTERY,3,98.831718,7013506.000000,,
BATTERY,3,98.670179,8016161.000000,,
BATTERY,3,98.668724,8019009.000000,,
BATTERY,3,98.668724,8019009.000000,,
BATTERY,3,98.668544,8019394.000000,,
BATTERY,3,98.507510,9018913.000000,,
BATTERY,3,98.506055,9021761.000000,,
BATTERY,3,98.506055,9021761.000000,,
BATTERY,3,98.505875,9022146.000000,,
BATTERY,3,98.469232,9249583.000000,,
BATTERY,3,98.467221,9253519.000000,,
BATTERY,3,98.467221,9253519.000000,,
BATTERY,3,98.467041,9253904.000000,,
BATTERY,3,98.466917,9254672.000000,,
BATTERY,3,98.465886,9256881.000000,,
BATTERY,3,98.465856,9257072.000000,,
BATTERY,3,98.465758,9257264.000000,,
BATTERY,3,98.465427,9259313.000000,,
BATTERY,3,98.463575,9263282.000000,,
BATTERY,3,98.463544,9263473.000000,,
BATTERY,3,98.463446,9263665.000000,,
BATTERY,3,98.461229,9277429.000000,,
BATTERY,3,98.460198,9279445.000000,,
BATTERY,3,98.460198,9279445.000000,,
BATTERY,3,98.460019,9279830.000000,,
BATTERY,3,98.447875,9355202.000000,,
BATTERY,3,98.447875,9355202.000000,,
BATTERY,3,98.443156,9384497.000000,,
BATTERY,3,98.443156,9384497.000000,,
BATTERY,3,98.362394,9885777.000000,,
BATTERY,3,98.362394,9885777.000000,,
BATTERY,3,98.341764,10013826.000000,,
BATTERY,3,98.340308,10016674.000000,,
BATTERY,3,98.340308,10016674.000000,,
BATTERY,3,98.340129,10017059.000000,,
BATTERY,3,98.200065,10886417.000000,,
BATTERY,3,98.200065,10886417.000000,,
BATTERY,3,98.199893,10887487.000000,,
BATTERY,3,98.199124,10888991.000000,,
BATTERY,3,98.198572,10892416.000000,,
BATTERY,3,98.198572,10892416.000000,,
BATTERY,3,98.198278,10894241.000000,,
BATTERY,3,98.198278,10894241.000000,,
BATTERY,3,98.179327,11011873.000000,,
BATTERY,3,98.177871,11014721.000000,,
BATTERY,3,98.177871,11014721.000000,,
BATTERY,3,98.177691,11015106.000000,,
BATTERY,3,98.015967,12018913.000000,,
BATTERY,3,98.014511,12021761.000000,,
BATTERY,3,98.014511,12021761.000000,,
BATTERY,3,98.014331,12022146.000000,,
BATTERY,3,97.854979,13011233.000000,,
BATTERY,3,97.853523,13014081.000000,,
BATTERY,3,97.853523,13014081.000000,,
BATTERY,3,97.853343,13014466.000000,,
BATTERY,3,97.691034,14021902.800000,,
BATTERY,3,97.689578,14024750.800000,,
BATTERY,3,97.689578,14024750.800000,,
BATTERY,3,97.689399,14025135.800000,,
BATTERY,3,97.530816,15009441.000000,,
BATTERY,3,97.529361,15012289.000000,,
BATTERY,3,97.529361,15012289.000000,,
BATTERY,3,97.529181,15012674.000000,,
BATTERY,3,97.368302,16011233.000000,,
BATTERY,3,97.366846,16014081.000000,,
BATTERY,3,97.366846,16014081.000000,,
BATTERY,3,97.366667,16014466.000000,,
BATTERY,3,97.204973,17018081.000000,,
BATTERY,3,97.203517,17020929.000000,,
BATTERY,3,97.203517,17020929.000000,,
BATTERY,3,97.203338,17021314.000000,,
BATTERY,3,97.044727,18005793.000000,,
BATTERY,3,97.043272,18008641.000000,,
BATTERY,3,97.043272,18008641.000000,,
BATTERY,3,97.043092,18009026.000000,,
BATTERY,3,96.882347,19006753.000000,,
BATTERY,3,96.880891,19009601.000000,,
BATTERY,3,96.880891,19009601.000000,,
BATTERY,3,96.880712,19009986.000000,,
BATTERY,3,96.720173,20006433.000000,,
BATTERY,3,96.718717,20009281.000000,,
BATTERY,3,96.718717,20009281.000000,,
BATTERY,3,96.718538,20009666.000000,,
BATTERY,3,96.556426,21015874.000000,,
BATTERY,3,96.554971,21018722.000000,,
BATTERY,3,96.554971,21018722.000000,,
BATTERY,3,96.554791,21019107.000000,,
BATTERY,3,96.393312,22021390.800000,,
BATTERY,3,96.391856,22024238.800000,,
BATTERY,3,96.391856,22024238.800000,,
BATTERY,3,96.391677,22024623.800000,,
BATTERY,3,96.232151,23014786.000000,,
BATTERY,3,96.230695,23017634.000000,,
BATTERY,3,96.230695,23017634.000000,,
BATTERY,3,96.230515,23018019.000000,,
BATTERY,3,96.069982,24014433.000000,,
BATTERY,3,96.068526,24017281.000000,,
BATTERY,3,96.068526,24017281.000000,,
BATTERY,3,96.068347,24017666.000000,,
BATTERY,3,95.907117,25018401.000000,,
BATTERY,3,95.905661,25021249.000000,,
BATTERY,3,95.905661,25021249.000000,,
BATTERY,3,95.905482,25021634.000000,,
BATTERY,3,95.745046,26017441.000000,,
BATTERY,3,95.743591,26020289.000000,,
BATTERY,3,95.743591,26020289.000000,,
BATTERY,3,95.743411,26020674.000000,,
BATTERY,3,95.584079,27009633.000000,,
BATTERY,3,95.582623,27012481.000000,,
BATTERY,3,95.582623,27012481.000000,,
BATTERY,3,95.582443,27012866.000000,,
BATTERY,3,95.422317,28006753.000000,,
BATTERY,3,95.420861,28009601.000000,,
BATTERY,3,95.420861,28009601.000000,,
BATTERY,3,95.420682,28009986.000000,,
BATTERY,3,95.257668,29021793.000000,,
BATTERY,3,95.256213,29024641.000000,,
BATTERY,3,95.256213,29024641.000000,,
BATTERY,3,95.256033,29025026.000000,,
BATTERY,3,95.096371,30016033.000000,,
BATTERY,3,95.094915,30018881.000000,,
BATTERY,3,95.094915,30018881.000000,,
BATTERY,3,95.094736,30019266.000000,,
BATTERY,3,94.934073,31016481.000000,,
BATTERY,3,94.932618,31019329.000000,,
BATTERY,3,94.932618,31019329.000000,,
BATTERY,3,94.932438,31019714.000000,,
BATTERY,3,94.769467,32031259.600000,,
BATTERY,3,94.768011,32034107.600000,,
BATTERY,3,94.768011,32034107.600000,,
BATTERY,3,94.767831,32034492.600000,,
BATTERY,3,94.610519,33010913.000000,,
BATTERY,3,94.609063,33013761.000000,,
BATTERY,3,94.609063,33013761.000000,,
BATTERY,3,94.608884,33014146.000000,,
BATTERY,3,94.449170,34005473.000000,,
BATTERY,3,94.447714,34008321.000000,,
BATTERY,3,94.447714,34008321.000000,,
BATTERY,3,94.447535,34008706.000000,,
BATTERY,3,94.286171,35010273.000000,,
BATTERY,3,94.284715,35013121.000000,,
BATTERY,3,94.284715,35013121.000000,,
BATTERY,3,94.284536,35013506.000000,,
BATTERY,3,94.124822,36004833.000000,,
BATTERY,3,94.123366,36007681.000000,,
BATTERY,3,94.123366,36007681.000000,,
BATTERY,3,94.123187,36008066.000000,,
BATTERY,3,93.962442,37005793.000000,,
BATTERY,3,93.960986,37008641.000000,,
BATTERY,3,93.960986,37008641.000000,,
BATTERY,3,93.960806,37009026.000000,,
BATTERY,3,93.800010,38007073.000000,,
BATTERY,3,93.798554,38009921.000000,,
BATTERY,3,93.798554,38009921.000000,,
BATTERY,3,93.798375,38010306.000000,,
BATTERY,3,93.636110,39017466.600000,,
BATTERY,3,93.634654,39020314.600000,,
BATTERY,3,93.634654,39020314.600000,,
BATTERY,3,93.634475,39020699.600000,,
BATTERY,3,93.473407,40020430.800000,,
BATTERY,3,93.471951,40023278.800000,,
BATTERY,3,93.471951,40023278.800000,,
BATTERY,3,93.471772,40023663.800000,,
BATTERY,3,93.313540,41005793.000000,,
BATTERY,3,93.312084,41008641.000000,,
BATTERY,3,93.312084,41008641.000000,,
BATTERY,3,93.311904,41009026.000000,,
BATTERY,3,93.149149,42019233.000000,,
BATTERY,3,93.147693,42022081.000000,,
BATTERY,3,93.147693,42022081.000000,,
BATTERY,3,93.147513,42022466.000000,,
BATTERY,3,92.987949,43012866.000000,,
BATTERY,3,92.986493,43015714.000000,,
BATTERY,3,92.986493,43015714.000000,,
BATTERY,3,92.986314,43016099.000000,,
BATTERY,3,92.826657,44007073.000000,,
BATTERY,3,92.825201,44009921.000000,,
BATTERY,3,92.825201,44009921.000000,,
BATTERY,3,92.825021,44010306.000000,,
BATTERY,3,92.664586,45006113.000000,,
BATTERY,3,92.663130,45008961.000000,,
BATTERY,3,92.663130,45008961.000000,,
BATTERY,3,92.662951,45009346.000000,,
BATTERY,3,92.502309,46006433.000000,,
BATTERY,3,92.500853,46009281.000000,,
BATTERY,3,92.500853,46009281.000000,,
BATTERY,3,92.500673,46009666.000000,,
BATTERY,3,92.338428,47016706.000000,,
BATTERY,3,92.336972,47019554.000000,,
BATTERY,3,92.336972,47019554.000000,,
BATTERY,3,92.336793,47019939.000000,,
BATTERY,3,92.177187,48010593.000000,,
BATTERY,3,92.175732,48013441.000000,,
BATTERY,3,92.175732,48013441.000000,,
BATTERY,3,92.175552,48013826.000000,,
BATTERY,3,92.015591,49006689.000000,,
BATTERY,3,92.014135,49009537.000000,,
BATTERY,3,92.014135,49009537.000000,,
BATTERY,3,92.013956,49009922.000000,,
BATTERY,3,92.010717,49030023.400000,,
BATTERY,3,92.009261,49032871.400000,,
BATTERY,3,92.009261,49032871.400000,,
BATTERY,3,92.009082,49033256.400000,,
BATTERY,3,91.852189,50007073.000000,,
BATTERY,3,91.850733,50009921.000000,,
BATTERY,3,91.850733,50009921.000000,,
BATTERY,3,91.850554,50010306.000000,,
BATTERY,3,91.688339,51017154.000000,,
BATTERY,3,91.686884,51020002.000000,,
BATTERY,3,91.686884,51020002.000000,,
BATTERY,3,91.686704,51020387.000000,,
BATTERY,3,91.526913,52012193.000000,,
BATTERY,3,91.525457,52015041.000000,,
BATTERY,3,91.525457,52015041.000000,,
BATTERY,3,91.525278,52015426.000000,,
BATTERY,3,91.363199,53021434.600000,,
BATTERY,3,91.361743,53024282.600000,,
BATTERY,3,91.361743,53024282.600000,,
BATTERY,3,91.361563,53024667.600000,,
BATTERY,3,91.200657,54023393.000000,,
BATTERY,3,91.199202,54026241.000000,,
BATTERY,3,91.199202,54026241.000000,,
BATTERY,3,91.199022,54026626.000000,,
BATTERY,3,91.039664,55015746.000000,,
BATTERY,3,91.038208,55018594.000000,,
BATTERY,3,91.038208,55018594.000000,,
BATTERY,3,91.038029,55018979.000000,,
BATTERY,3,90.878011,56012193.000000,,
BATTERY,3,90.876555,56015041.000000,,
BATTERY,3,90.876555,56015041.000000,,
BATTERY,3,90.876375,56015426.000000,,
BATTERY,3,90.716816,57005793.000000,,
BATTERY,3,90.715361,57008641.000000,,
BATTERY,3,90.715361,57008641.000000,,
BATTERY,3,90.715181,57009026.000000,,
BATTERY,3,90.553797,58010721.000000,,
BATTERY,3,90.552341,58013569.000000,,
BATTERY,3,90.552341,58013569.000000,,
BATTERY,3,90.552162,58013954.000000,,
BATTERY,3,90.389904,59021070.800000,,
BATTERY,3,90.388448,59023918.800000,,
BATTERY,3,90.388448,59023918.800000,,
BATTERY,3,90.388269,59024303.800000,,
BATTERY,3,90.228954,60013153.000000,,
BATTERY,3,90.227498,60016001.000000,,
BATTERY,3,90.227498,60016001.000000,,
BATTERY,3,90.227319,60016386.000000,,
BATTERY,3,90.066187,61016514.000000,,
BATTERY,3,90.064731,61019362.000000,,
BATTERY,3,90.064731,61019362.000000,,
BATTERY,3,90.064552,61019747.000000,,
BATTERY,3,89.905637,62006113.000000,,
BATTERY,3,89.904181,62008961.000000,,
BATTERY,3,89.904181,62008961.000000,,
BATTERY,3,89.904002,62009346.000000,,
BATTERY,3,89.743463,63005793.000000,,
BATTERY,3,89.742007,63008641.000000,,
BATTERY,3,89.742007,63008641.000000,,
BATTERY,3,89.741828,63009026.000000,,
BATTERY,3,89.579052,64019361.000000,,
BATTERY,3,89.577596,64022209.000000,,
BATTERY,3,89.577596,64022209.000000,,
BATTERY,3,89.577416,64022594.000000,,
BATTERY,3,89.419167,65004833.000000,,
BATTERY,3,89.417711,65007681.000000,,
BATTERY,3,89.417711,65007681.000000,,
BATTERY,3,89.417531,65008066.000000,,
BATTERY,3,89.255085,66016353.000000,,
BATTERY,3,89.253629,66019201.000000,,
BATTERY,3,89.253629,66019201.000000,,
BATTERY,3,89.253450,66019586.000000,,
BATTERY,3,89.089948,67034426.600000,,
BATTERY,3,89.088492,67037274.600000,,
BATTERY,3,89.088492,67037274.600000,,
BATTERY,3,89.088312,67037659.600000,,
BATTERY,3,88.929943,68020641.000000,,
BATTERY,3,88.928487,68023489.000000,,
BATTERY,3,88.928487,68023489.000000,,
BATTERY,3,88.928308,68023874.000000,,
BATTERY,3,88.769656,69008609.000000,,
BATTERY,3,88.768200,69011457.000000,,
BATTERY,3,88.768200,69011457.000000,,
BATTERY,3,88.768021,69011842.000000,,
BATTERY,3,88.767179,69017069.800000,,
BATTERY,3,88.765723,69019917.800000,,
BATTERY,3,88.765723,69019917.800000,,
BATTERY,3,88.765543,69020302.800000,,
BATTERY,3,88.605842,70011553.000000,,
BATTERY,3,88.604386,70014401.000000,,
BATTERY,3,88.604386,70014401.000000,,
BATTERY,3,88.604206,70014786.000000,,
BATTERY,3,88.443647,71011361.000000,,
BATTERY,3,88.442192,71014209.000000,,
BATTERY,3,88.442192,71014209.000000,,
BATTERY,3,88.442012,71014594.000000,,
BATTERY,3,88.281906,72008353.000000,,
BATTERY,3,88.280451,72011201.000000,,
BATTERY,3,88.280451,72011201.000000,,
BATTERY,3,88.280271,72011586.000000,,
BATTERY,3,88.118026,73018626.000000,,
BATTERY,3,88.116570,73021474.000000,,
BATTERY,3,88.116570,73021474.000000,,
BATTERY,3,88.116390,73021859.000000,,
BATTERY,3,87.957971,74005153.000000,,
BATTERY,3,87.956515,74008001.000000,,
BATTERY,3,87.956515,74008001.000000,,
BATTERY,3,87.956335,74008386.000000,,
BATTERY,3,87.791608,75030829.800000,,
BATTERY,3,87.790153,75033677.800000,,
BATTERY,3,87.790153,75033677.800000,,
BATTERY,3,87.789973,75034062.800000,,
BATTERY,3,87.632334,76012513.000000,,
BATTERY,3,87.630878,76015361.000000,,
BATTERY,3,87.630878,76015361.000000,,
BATTERY,3,87.630699,76015746.000000,,
BATTERY,3,87.469587,77015746.000000,,
BATTERY,3,87.468132,77018594.000000,,
BATTERY,3,87.468132,77018594.000000,,
BATTERY,3,87.467952,77018979.000000,,
BATTERY,3,87.308223,78010401.000000,,
BATTERY,3,87.306767,78013249.000000,,
BATTERY,3,87.306767,78013249.000000,,
BATTERY,3,87.306588,78013634.000000,,
BATTERY,3,87.146018,79010273.000000,,
BATTERY,3,87.144562,79013121.000000,,
BATTERY,3,87.144562,79013121.000000,,
BATTERY,3,87.144383,79013506.000000,,
BATTERY,3,86.984514,80005793.000000,,
BATTERY,3,86.983059,80008641.000000,,
BATTERY,3,86.983059,80008641.000000,,
BATTERY,3,86.982879,80009026.000000,,
BATTERY,3,86.822083,81007073.000000,,
BATTERY,3,86.820627,81009921.000000,,
BATTERY,3,86.820627,81009921.000000,,
BATTERY,3,86.820447,81010306.000000,,
BATTERY,3,86.659238,82010913.000000,,
BATTERY,3,86.657783,82013761.000000,,
BATTERY,3,86.657783,82013761.000000,,
BATTERY,3,86.657603,82014146.000000,,
BATTERY,3,86.497735,83006433.000000,,
BATTERY,3,86.496279,83009281.000000,,
BATTERY,3,86.496279,83009281.000000,,
BATTERY,3,86.496099,83009666.000000,,
BATTERY,3,86.334457,84012961.000000,,
BATTERY,3,86.333002,84015809.000000,,
BATTERY,3,86.333002,84015809.000000,,
BATTERY,3,86.332822,84016194.000000,,
BATTERY,3,86.172644,85010401.000000,,
BATTERY,3,86.171188,85013249.000000,,
BATTERY,3,86.171188,85013249.000000,,
BATTERY,3,86.171009,85013634.000000,,
BATTERY,3,86.009047,86018913.000000,,
BATTERY,3,86.007592,86021761.000000,,
BATTERY,3,86.007592,86021761.000000,,
BATTERY,3,86.007412,86022146.000000,,
BATTERY,3,85.846397,87021549.800000,,
BATTERY,3,85.844941,87024397.800000,,
BATTERY,3,85.844941,87024397.800000,,
BATTERY,3,85.844762,87024782.800000,,
BATTERY,3,85.685112,88015713.000000,,
BATTERY,3,85.683656,88018561.000000,,
BATTERY,3,85.683656,88018561.000000,,
BATTERY,3,85.683476,88018946.000000,,
BATTERY,3,85.524227,89007393.000000,,
BATTERY,3,85.522771,89010241.000000,,
BATTERY,3,85.522771,89010241.000000,,
BATTERY,3,85.522591,89010626.000000,,
BATTERY,3,85.360686,90015554.000000,,
BATTERY,3,85.359231,90018402.000000,,
BATTERY,3,85.359231,90018402.000000,,
BATTERY,3,85.359051,90018787.000000,,
BATTERY,3,85.198126,91017633.000000,,
BATTERY,3,85.196670,91020481.000000,,
BATTERY,3,85.196670,91020481.000000,,
BATTERY,3,85.196490,91020866.000000,,
BATTERY,3,85.037859,92005473.000000,,
BATTERY,3,85.036404,92008321.000000,,
BATTERY,3,85.036404,92008321.000000,,
BATTERY,3,85.036224,92008706.000000,,
BATTERY,3,84.875324,93007393.000000,,
BATTERY,3,84.873869,93010241.000000,,
BATTERY,3,84.873869,93010241.000000,,
BATTERY,3,84.873689,93010626.000000,,
BATTERY,3,84.712165,94013186.000000,,
BATTERY,3,84.710710,94016034.000000,,
BATTERY,3,84.710710,94016034.000000,,
BATTERY,3,84.710530,94016419.000000,,
BATTERY,3,84.550873,95007393.000000,,
BATTERY,3,84.549418,95010241.000000,,
BATTERY,3,84.549418,95010241.000000,,
BATTERY,3,84.549238,95010626.000000,,
BATTERY,3,84.388854,96006113.000000,,
BATTERY,3,84.387398,96008961.000000,,
BATTERY,3,84.387398,96008961.000000,,
BATTERY,3,84.387219,96009346.000000,,
BATTERY,3,84.063548,98018339.000000,,
BATTERY,3,84.062092,98021187.000000,,
BATTERY,3,84.062092,98021187.000000,,
BATTERY,3,84.061912,98021572.000000,,
BATTERY,3,84.061809,98022212.000000,,
BATTERY,3,84.060353,98025060.000000,,
BATTERY,3,84.060353,98025060.000000,,
BATTERY,3,84.060174,98025445.000000,,
BATTERY,3,83.901022,99013281.000000,,
BATTERY,3,83.899567,99016129.000000,,
BATTERY,3,83.899567,99016129.000000,,
BATTERY,3,83.899387,99016514.000000,,
BATTERY,3,83.416538,102013506.000000,,
BATTERY,3,83.415083,102016354.000000,,
BATTERY,3,83.415083,102016354.000000,,
BATTERY,3,83.414903,102016739.000000,,
BATTERY,3,83.413918,102022852.000000,,
BATTERY,3,83.412463,102025700.000000,,
BATTERY,3,83.412463,102025700.000000,,
BATTERY,3,83.412283,102026085.000000,,
BATTERY,3,83.252456,103018114.000000,,
BATTERY,3,83.251000,103020962.000000,,
BATTERY,3,83.251000,103020962.000000,,
BATTERY,3,83.250821,103021347.000000,,
BATTERY,3,83.092112,104006433.000000,,
BATTERY,3,83.090657,104009281.000000,,
BATTERY,3,83.090657,104009281.000000,,
BATTERY,3,83.090477,104009666.000000,,
BATTERY,3,82.927876,105018913.000000,,
BATTERY,3,82.926421,105021761.000000,,
BATTERY,3,82.926421,105021761.000000,,
BATTERY,3,82.926241,105022146.000000,,
BATTERY,3,82.766876,106011309.800000,,
BATTERY,3,82.765420,106014157.800000,,
BATTERY,3,82.765420,106014157.800000,,
BATTERY,3,82.765240,106014542.800000,,
BATTERY,3,82.603039,107021306.600000,,
BATTERY,3,82.601584,107024154.600000,,
BATTERY,3,82.601584,107024154.600000,,
BATTERY,3,82.601404,107024539.600000,,
BATTERY,3,82.442024,108013793.000000,,
BATTERY,3,82.440569,108016641.000000,,
BATTERY,3,82.440569,108016641.000000,,
BATTERY,3,82.440389,108017026.000000,,
BATTERY,3,82.278974,109018913.000000,,
BATTERY,3,82.277518,109021761.000000,,
BATTERY,3,82.277518,109021761.000000,,
BATTERY,3,82.277339,109022146.000000,,
BATTERY,3,82.118708,110006753.000000,,
BATTERY,3,82.117252,110009601.000000,,
BATTERY,3,82.117252,110009601.000000,,
BATTERY,3,82.117072,110009986.000000,,
BATTERY,3,81.955760,111011233.000000,,
BATTERY,3,81.954305,111014081.000000,,
BATTERY,3,81.954305,111014081.000000,,
BATTERY,3,81.954125,111014466.000000,,
BATTERY,3,81.791852,112021677.800000,,
BATTERY,3,81.790396,112024525.800000,,
BATTERY,3,81.790396,112024525.800000,,
BATTERY,3,81.790217,112024910.800000,,
BATTERY,3,81.630587,113015713.000000,,
BATTERY,3,81.629132,113018561.000000,,
BATTERY,3,81.629132,113018561.000000,,
BATTERY,3,81.628952,113018946.000000,,
BATTERY,3,81.469754,114007073.000000,,
BATTERY,3,81.468298,114009921.000000,,
BATTERY,3,81.468298,114009921.000000,,
BATTERY,3,81.468118,114010306.000000,,
BATTERY,3,81.307167,115009313.000000,,
BATTERY,3,81.305712,115012161.000000,,
BATTERY,3,81.305712,115012161.000000,,
BATTERY,3,81.305532,115012546.000000,,
BATTERY,3,81.143839,116016161.000000,,
BATTERY,3,81.142383,116019009.000000,,
BATTERY,3,81.142383,116019009.000000,,
BATTERY,3,81.142203,116019394.000000,,
BATTERY,3,80.981525,117016706.000000,,
BATTERY,3,80.980070,117019554.000000,,
BATTERY,3,80.980070,117019554.000000,,
BATTERY,3,80.979890,117019939.000000,,
BATTERY,3,80.819408,118016033.000000,,
BATTERY,3,80.817952,118018881.000000,,
BATTERY,3,80.817952,118018881.000000,,
BATTERY,3,80.817773,118019266.000000,,
BATTERY,3,80.655257,119027982.800000,,
BATTERY,3,80.653802,119030830.800000,,
BATTERY,3,80.653802,119030830.800000,,
BATTERY,3,80.653622,119031215.800000,,
BATTERY,3,80.496040,120009313.000000,,
BATTERY,3,80.494584,120012161.000000,,
BATTERY,3,80.494584,120012161.000000,,
BATTERY,3,80.494404,120012546.000000,,
BATTERY,3,80.333814,121009313.000000,,
BATTERY,3,80.332358,121012161.000000,,
BATTERY,3,80.332358,121012161.000000,,
BATTERY,3,80.332179,121012546.000000,,
BATTERY,3,80.170145,122018273.000000,,
BATTERY,3,80.168689,122021121.000000,,
BATTERY,3,80.168689,122021121.000000,,
BATTERY,3,80.168510,122021506.000000,,
BATTERY,3,80.009002,123011553.000000,,
BATTERY,3,80.007546,123014401.000000,,
BATTERY,3,80.007546,123014401.000000,,
BATTERY,3,80.007367,123014786.000000,,
BATTERY,3,79.846153,124015426.000000,,
BATTERY,3,79.844697,124018274.000000,,
BATTERY,3,79.844697,124018274.000000,,
BATTERY,3,79.844517,124018659.000000,,
BATTERY,3,79.682695,125023073.000000,,
BATTERY,3,79.681239,125025921.000000,,
BATTERY,3,79.681239,125025921.000000,,
BATTERY,3,79.681060,125026306.000000,,
BATTERY,3,79.522511,126010401.000000,,
BATTERY,3,79.521055,126013249.000000,,
BATTERY,3,79.521055,126013249.000000,,
BATTERY,3,79.520876,126013634.000000,,
BATTERY,3,79.360719,127007713.000000,,
BATTERY,3,79.359263,127010561.000000,,
BATTERY,3,79.359263,127010561.000000,,
BATTERY,3,79.359083,127010946.000000,,
BATTERY,3,79.197926,128011233.000000,,
BATTERY,3,79.196470,128014081.000000,,
BATTERY,3,79.196470,128014081.000000,,
BATTERY,3,79.196291,128014466.000000,,
BATTERY,3,79.035688,129011309.800000,,
BATTERY,3,79.034232,129014157.800000,,
BATTERY,3,79.034232,129014157.800000,,
BATTERY,3,79.034053,129014542.800000,,
BATTERY,3,78.871299,130024739.000000,,
BATTERY,3,78.869843,130027587.000000,,
BATTERY,3,78.869843,130027587.000000,,
BATTERY,3,78.869663,130027972.000000,,
BATTERY,3,78.710058,131018626.000000,,
BATTERY,3,78.708602,131021474.000000,,
BATTERY,3,78.708602,131021474.000000,,
BATTERY,3,78.708423,131021859.000000,,
BATTERY,3,78.548250,132016033.000000,,
BATTERY,3,78.546795,132018881.000000,,
BATTERY,3,78.546795,132018881.000000,,
BATTERY,3,78.546615,132019266.000000,,
BATTERY,3,78.385607,133018626.000000,,
BATTERY,3,78.384151,133021474.000000,,
BATTERY,3,78.384151,133021474.000000,,
BATTERY,3,78.383972,133021859.000000,,
BATTERY,3,78.222632,134023277.800000,,
BATTERY,3,78.221176,134026125.800000,,
BATTERY,3,78.221176,134026125.800000,,
BATTERY,3,78.220997,134026510.800000,,
BATTERY,3,78.061613,135015789.800000,,
BATTERY,3,78.060157,135018637.800000,,
BATTERY,3,78.060157,135018637.800000,,
BATTERY,3,78.059978,135019022.800000,,
BATTERY,3,78.059771,135020302.800000,,
BATTERY,3,78.058316,135023150.800000,,
BATTERY,3,78.058316,135023150.800000,,
BATTERY,3,78.058136,135023535.800000,,
BATTERY,3,77.899987,136005153.000000,,
BATTERY,3,77.898531,136008001.000000,,
BATTERY,3,77.898531,136008001.000000,,
BATTERY,3,77.898351,136008386.000000,,
BATTERY,3,77.735039,137022049.000000,,
BATTERY,3,77.733583,137024897.000000,,
BATTERY,3,77.733583,137024897.000000,,
BATTERY,3,77.733404,137025282.000000,,
BATTERY,3,77.574917,138008993.000000,,
BATTERY,3,77.573461,138011841.000000,,
BATTERY,3,77.573461,138011841.000000,,
BATTERY,3,77.573282,138012226.000000,,
BATTERY,3,77.411454,139016673.000000,,
BATTERY,3,77.409998,139019521.000000,,
BATTERY,3,77.409998,139019521.000000,,
BATTERY,3,77.409819,139019906.000000,,
BATTERY,3,77.249435,140015393.000000,,
BATTERY,3,77.247979,140018241.000000,,
BATTERY,3,77.247979,140018241.000000,,
BATTERY,3,77.247799,140018626.000000,,
BATTERY,3,77.088168,141009441.000000,,
BATTERY,3,77.086712,141012289.000000,,
BATTERY,3,77.086712,141012289.000000,,
BATTERY,3,77.086533,141012674.000000,,
BATTERY,3,76.924860,142016161.000000,,
BATTERY,3,76.923404,142019009.000000,,
BATTERY,3,76.923404,142019009.000000,,
BATTERY,3,76.923224,142019394.000000,,
BATTERY,3,76.762428,143017441.000000,,
BATTERY,3,76.760972,143020289.000000,,
BATTERY,3,76.760972,143020289.000000,,
BATTERY,3,76.760793,143020674.000000,,
BATTERY,3,76.602131,144005473.000000,,
BATTERY,3,76.600675,144008321.000000,,
BATTERY,3,76.600675,144008321.000000,,
BATTERY,3,76.600495,144008706.000000,,
BATTERY,3,76.437567,145019982.800000,,
BATTERY,3,76.436112,145022830.800000,,
BATTERY,3,76.436112,145022830.800000,,
BATTERY,3,76.435932,145023215.800000,,
BATTERY,3,76.276334,146013826.000000,,
BATTERY,3,76.274878,146016674.000000,,
BATTERY,3,76.274878,146016674.000000,,
BATTERY,3,76.274698,146017059.000000,,
BATTERY,3,76.115454,147005473.000000,,
BATTERY,3,76.113998,147008321.000000,,
BATTERY,3,76.113998,147008321.000000,,
BATTERY,3,76.113819,147008706.000000,,
BATTERY,3,75.953332,148004833.000000,,
BATTERY,3,75.951876,148007681.000000,,
BATTERY,3,75.951876,148007681.000000,,
BATTERY,3,75.951696,148008066.000000,,
BATTERY,3,75.791054,149005153.000000,,
BATTERY,3,75.789599,149008001.000000,,
BATTERY,3,75.789599,149008001.000000,,
BATTERY,3,75.789419,149008386.000000,,
BATTERY,3,75.628726,150005793.000000,,
BATTERY,3,75.627270,150008641.000000,,
BATTERY,3,75.627270,150008641.000000,,
BATTERY,3,75.627090,150009026.000000,,
BATTERY,3,75.463696,151023201.000000,,
BATTERY,3,75.462240,151026049.000000,,
BATTERY,3,75.462240,151026049.000000,,
BATTERY,3,75.462060,151026434.000000,,
BATTERY,3,75.303635,152009761.000000,,
BATTERY,3,75.302180,152012609.000000,,
BATTERY,3,75.302180,152012609.000000,,
BATTERY,3,75.302000,152012994.000000,,
BATTERY,3,75.137111,153036445.600000,,
BATTERY,3,75.135655,153039293.600000,,
BATTERY,3,75.135655,153039293.600000,,
BATTERY,3,75.135475,153039678.600000,,
BATTERY,3,74.979720,154006433.000000,,
BATTERY,3,74.978265,154009281.000000,,
BATTERY,3,74.978265,154009281.000000,,
BATTERY,3,74.978085,154009666.000000,,
BATTERY,3,74.817402,155007009.000000,,
BATTERY,3,74.815946,155009857.000000,,
BATTERY,3,74.815946,155009857.000000,,
BATTERY,3,74.815767,155010242.000000,,
BATTERY,3,74.813417,155024826.600000,,
BATTERY,3,74.811961,155027674.600000,,
BATTERY,3,74.811961,155027674.600000,,
BATTERY,3,74.811782,155028059.600000,,
BATTERY,3,74.653639,156009633.000000,,
BATTERY,3,74.652184,156012481.000000,,
BATTERY,3,74.652184,156012481.000000,,
BATTERY,3,74.652004,156012866.000000,,
BATTERY,3,74.490202,157017154.000000,,
BATTERY,3,74.488746,157020002.000000,,
BATTERY,3,74.488746,157020002.000000,,
BATTERY,3,74.488567,157020387.000000,,
BATTERY,3,74.326495,158026349.800000,,
BATTERY,3,74.325039,158029197.800000,,
BATTERY,3,74.325039,158029197.800000,,
BATTERY,3,74.324860,158029582.800000,,
BATTERY,3,74.167066,159008993.000000,,
BATTERY,3,74.165610,159011841.000000,,
BATTERY,3,74.165610,159011841.000000,,
BATTERY,3,74.165431,159012226.000000,,
BATTERY,3,74.003551,160016993.000000,,
BATTERY,3,74.002096,160019841.000000,,
BATTERY,3,74.002096,160019841.000000,,
BATTERY,3,74.001916,160020226.000000,,
BATTERY,3,73.841114,161018306.000000,,
BATTERY,3,73.839659,161021154.000000,,
BATTERY,3,73.839659,161021154.000000,,
BATTERY,3,73.839479,161021539.000000,,
BATTERY,3,73.678461,162020961.000000,,
BATTERY,3,73.677005,162023809.000000,,
BATTERY,3,73.677005,162023809.000000,,
BATTERY,3,73.676826,162024194.000000,,
BATTERY,3,73.516699,163018081.000000,,
BATTERY,3,73.515244,163020929.000000,,
BATTERY,3,73.515244,163020929.000000,,
BATTERY,3,73.515064,163021314.000000,,
BATTERY,3,73.355474,164011873.000000,,
BATTERY,3,73.354018,164014721.000000,,
BATTERY,3,73.354018,164014721.000000,,
BATTERY,3,73.353839,164015106.000000,,
BATTERY,3,73.193919,165007713.000000,,
BATTERY,3,73.192463,165010561.000000,,
BATTERY,3,73.192463,165010561.000000,,
BATTERY,3,73.192283,165010946.000000,,
BATTERY,3,73.031075,166011553.000000,,
BATTERY,3,73.029619,166014401.000000,,
BATTERY,3,73.029619,166014401.000000,,
BATTERY,3,73.029439,166014786.000000,,
BATTERY,3,72.869571,167007073.000000,,
BATTERY,3,72.868115,167009921.000000,,
BATTERY,3,72.868115,167009921.000000,,
BATTERY,3,72.867935,167010306.000000,,
BATTERY,3,72.707191,168008033.000000,,
BATTERY,3,72.705735,168010881.000000,,
BATTERY,3,72.705735,168010881.000000,,
BATTERY,3,72.705555,168011266.000000,,
BATTERY,3,72.545326,169005793.000000,,
BATTERY,3,72.543870,169008641.000000,,
BATTERY,3,72.543870,169008641.000000,,
BATTERY,3,72.543691,169009026.000000,,
BATTERY,3,72.381902,170013229.800000,,
BATTERY,3,72.380447,170016077.800000,,
BATTERY,3,72.380447,170016077.800000,,
BATTERY,3,72.380267,170016462.800000,,
BATTERY,3,72.219199,171016194.000000,,
BATTERY,3,72.217743,171019042.000000,,
BATTERY,3,72.217743,171019042.000000,,
BATTERY,3,72.217564,171019427.000000,,
BATTERY,3,72.058134,172008993.000000,,
BATTERY,3,72.056678,172011841.000000,,
BATTERY,3,72.056678,172011841.000000,,
BATTERY,3,72.056498,172012226.000000,,
BATTERY,3,71.895908,173008993.000000,,
BATTERY,3,71.894452,173011841.000000,,
BATTERY,3,71.894452,173011841.000000,,
BATTERY,3,71.894273,173012226.000000,,
BATTERY,3,71.732961,174013473.000000,,
BATTERY,3,71.731505,174016321.000000,,
BATTERY,3,71.731505,174016321.000000,,
BATTERY,3,71.731325,174016706.000000,,
BATTERY,3,71.571179,175010721.000000,,
BATTERY,3,71.569723,175013569.000000,,
BATTERY,3,71.569723,175013569.000000,,
BATTERY,3,71.569543,175013954.000000,,
BATTERY,3,71.406808,176024033.000000,,
BATTERY,3,71.405353,176026881.000000,,
BATTERY,3,71.405353,176026881.000000,,
BATTERY,3,71.405173,176027266.000000,,
BATTERY,3,71.247521,177005793.000000,,
BATTERY,3,71.246066,177008641.000000,,
BATTERY,3,71.246066,177008641.000000,,
BATTERY,3,71.245886,177009026.000000,,
BATTERY,3,71.083162,178019041.000000,,
BATTERY,3,71.081706,178021889.000000,,
BATTERY,3,71.081706,178021889.000000,,
BATTERY,3,71.081526,178022274.000000,,
BATTERY,3,70.919655,179026989.800000,,
BATTERY,3,70.918200,179029837.800000,,
BATTERY,3,70.918200,179029837.800000,,
BATTERY,3,70.918020,179030222.800000,,
BATTERY,3,70.759247,180015713.000000,,
BATTERY,3,70.757791,180018561.000000,,
BATTERY,3,70.757791,180018561.000000,,
BATTERY,3,70.757611,180018946.000000,,
BATTERY,3,70.596093,181021473.000000,,
BATTERY,3,70.594637,181024321.000000,,
BATTERY,3,70.594637,181024321.000000,,
BATTERY,3,70.594458,181024706.000000,,
BATTERY,3,70.433494,182023789.800000,,
BATTERY,3,70.432039,182026637.800000,,
BATTERY,3,70.432039,182026637.800000,,
BATTERY,3,70.431859,182027022.800000,,
BATTERY,3,70.274117,183006113.000000,,
BATTERY,3,70.272661,183008961.000000,,
BATTERY,3,70.272661,183008961.000000,,
BATTERY,3,70.272481,183009346.000000,,
BATTERY,3,70.111695,184007329.000000,,
BATTERY,3,70.110240,184010177.000000,,
BATTERY,3,70.110240,184010177.000000,,
BATTERY,3,70.110060,184010562.000000,,
BATTERY,3,70.106944,184029902.800000,,
BATTERY,3,70.105488,184032750.800000,,
BATTERY,3,70.105488,184032750.800000,,
BATTERY,3,70.105309,184033135.800000,,
BATTERY,3,69.946386,185019553.000000,,
BATTERY,3,69.944930,185022401.000000,,
BATTERY,3,69.944930,185022401.000000,,
BATTERY,3,69.944750,185022786.000000,,
BATTERY,3,69.784251,186018989.800000,,
BATTERY,3,69.782795,186021837.800000,,
BATTERY,3,69.782795,186021837.800000,,
BATTERY,3,69.782616,186022222.800000,,
BATTERY,3,69.622141,187018273.000000,,
BATTERY,3,69.620685,187021121.000000,,
BATTERY,3,69.620685,187021121.000000,,
BATTERY,3,69.620506,187021506.000000,,
BATTERY,3,69.459382,188021582.800000,,
BATTERY,3,69.457926,188024430.800000,,
BATTERY,3,69.457926,188024430.800000,,
BATTERY,3,69.457747,188024815.800000,,
BATTERY,3,69.299546,189006753.000000,,
BATTERY,3,69.298090,189009601.000000,,
BATTERY,3,69.298090,189009601.000000,,
BATTERY,3,69.297910,189009986.000000,,
BATTERY,3,69.136650,190010913.000000,,
BATTERY,3,69.135194,190013761.000000,,
BATTERY,3,69.135194,190013761.000000,,
BATTERY,3,69.135015,190014146.000000,,
BATTERY,3,68.973543,191016386.000000,,
BATTERY,3,68.972087,191019234.000000,,
BATTERY,3,68.972087,191019234.000000,,
BATTERY,3,68.971907,191019619.000000,,
BATTERY,3,68.811426,192015713.000000,,
BATTERY,3,68.809970,192018561.000000,,
BATTERY,3,68.809970,192018561.000000,,
BATTERY,3,68.809790,192018946.000000,,
BATTERY,3,68.648930,193017389.800000,,
BATTERY,3,68.647474,193020237.800000,,
BATTERY,3,68.647474,193020237.800000,,
BATTERY,3,68.647295,193020622.800000,,
BATTERY,3,68.487330,194013506.000000,,
BATTERY,3,68.485874,194016354.000000,,
BATTERY,3,68.485874,194016354.000000,,
BATTERY,3,68.485695,194016739.000000,,
BATTERY,3,68.325450,195011361.000000,,
BATTERY,3,68.323994,195014209.000000,,
BATTERY,3,68.323994,195014209.000000,,
BATTERY,3,68.323815,195014594.000000,,
BATTERY,3,68.162570,196015426.000000,,
BATTERY,3,68.161114,196018274.000000,,
BATTERY,3,68.161114,196018274.000000,,
BATTERY,3,68.160934,196018659.000000,,
BATTERY,3,68.000349,197015393.000000,,
BATTERY,3,67.998894,197018241.000000,,
BATTERY,3,67.998894,197018241.000000,,
BATTERY,3,67.998714,197018626.000000,,
BATTERY,3,67.838794,198011233.000000,,
BATTERY,3,67.837338,198014081.000000,,
BATTERY,3,67.837338,198014081.000000,,
BATTERY,3,67.837159,198014466.000000,,
BATTERY,3,67.675671,199016801.000000,,
BATTERY,3,67.674216,199019649.000000,,
BATTERY,3,67.674216,199019649.000000,,
BATTERY,3,67.674036,199020034.000000,,
BATTERY,3,67.512569,200022241.000000,,
BATTERY,3,67.511114,200025089.000000,,
BATTERY,3,67.511114,200025089.000000,,
BATTERY,3,67.510934,200025474.000000,,
BATTERY,3,67.350268,201022714.600000,,
BATTERY,3,67.348812,201025562.600000,,
BATTERY,3,67.348812,201025562.600000,,
BATTERY,3,67.348632,201025947.600000,,
BATTERY,3,67.189268,202015106.000000,,
BATTERY,3,67.187812,202017954.000000,,
BATTERY,3,67.187812,202017954.000000,,
BATTERY,3,67.187633,202018339.000000,,
BATTERY,3,67.028337,203007073.000000,,
BATTERY,3,67.026881,203009921.000000,,
BATTERY,3,67.026881,203009921.000000,,
BATTERY,3,67.026701,203010306.000000,,
BATTERY,3,66.864325,204018157.800000,,
BATTERY,3,66.862869,204021005.800000,,
BATTERY,3,66.862869,204021005.800000,,
BATTERY,3,66.862690,204021390.800000,,
BATTERY,3,66.702370,205016481.000000,,
BATTERY,3,66.700914,205019329.000000,,
BATTERY,3,66.700914,205019329.000000,,
BATTERY,3,66.700734,205019714.000000,,
BATTERY,3,66.541660,206007073.000000,,
BATTERY,3,66.540204,206009921.000000,,
BATTERY,3,66.540204,206009921.000000,,
BATTERY,3,66.540025,206010306.000000,,
BATTERY,3,66.379692,207005473.000000,,
BATTERY,3,66.378236,207008321.000000,,
BATTERY,3,66.378236,207008321.000000,,
BATTERY,3,66.378057,207008706.000000,,
BATTERY,3,66.215534,208017466.600000,,
BATTERY,3,66.214079,208020314.600000,,
BATTERY,3,66.214079,208020314.600000,,
BATTERY,3,66.213899,208020699.600000,,
BATTERY,3,66.054994,209007009.000000,,
BATTERY,3,66.053538,209009857.000000,,
BATTERY,3,66.053538,209009857.000000,,
BATTERY,3,66.053358,209010242.000000,,
BATTERY,3,66.051072,209024429.800000,,
BATTERY,3,66.049617,209027277.800000,,
BATTERY,3,66.049617,209027277.800000,,
BATTERY,3,66.049437,209027662.800000,,
BATTERY,3,65.891849,210005793.000000,,
BATTERY,3,65.890394,210008641.000000,,
BATTERY,3,65.890394,210008641.000000,,
BATTERY,3,65.890214,210009026.000000,,
BATTERY,3,65.729727,211005153.000000,,
BATTERY,3,65.728271,211008001.000000,,
BATTERY,3,65.728271,211008001.000000,,
BATTERY,3,65.728092,211008386.000000,,
BATTERY,3,65.565388,212018273.000000,,
BATTERY,3,65.563932,212021121.000000,,
BATTERY,3,65.563932,212021121.000000,,
BATTERY,3,65.563752,212021506.000000,,
BATTERY,3,65.404967,213007073.000000,,
BATTERY,3,65.403511,213009921.000000,,
BATTERY,3,65.403511,213009921.000000,,
BATTERY,3,65.403331,213010306.000000,,
BATTERY,3,65.240813,214019041.000000,,
BATTERY,3,65.239357,214021889.000000,,
BATTERY,3,65.239357,214021889.000000,,
BATTERY,3,65.239178,214022274.000000,,
BATTERY,3,65.077905,215023277.800000,,
BATTERY,3,65.076449,215026125.800000,,
BATTERY,3,65.076449,215026125.800000,,
BATTERY,3,65.076269,215026510.800000,,
BATTERY,3,64.918094,216008289.000000,,
BATTERY,3,64.916638,216011137.000000,,
BATTERY,3,64.916638,216011137.000000,,
BATTERY,3,64.916459,216011522.000000,,
BATTERY,3,64.912098,216038586.600000,,
BATTERY,3,64.910643,216041434.600000,,
BATTERY,3,64.910643,216041434.600000,,
BATTERY,3,64.910463,216041819.600000,,
BATTERY,3,64.754434,217010273.000000,,
BATTERY,3,64.752979,217013121.000000,,
BATTERY,3,64.752979,217013121.000000,,
BATTERY,3,64.752799,217013506.000000,,
BATTERY,3,64.592291,218009761.000000,,
BATTERY,3,64.590836,218012609.000000,,
BATTERY,3,64.590836,218012609.000000,,
BATTERY,3,64.590656,218012994.000000,,
BATTERY,3,64.430757,219005473.000000,,
BATTERY,3,64.429301,219008321.000000,,
BATTERY,3,64.429301,219008321.000000,,
BATTERY,3,64.429121,219008706.000000,,
BATTERY,3,64.266933,220015393.000000,,
BATTERY,3,64.265477,220018241.000000,,
BATTERY,3,64.265477,220018241.000000,,
BATTERY,3,64.265298,220018626.000000,,
BATTERY,3,64.105635,221009633.000000,,
BATTERY,3,64.104180,221012481.000000,,
BATTERY,3,64.104180,221012481.000000,,
BATTERY,3,64.104000,221012866.000000,,
BATTERY,3,63.942580,222014786.000000,,
BATTERY,3,63.941124,222017634.000000,,
BATTERY,3,63.941124,222017634.000000,,
BATTERY,3,63.940944,222018019.000000,,
BATTERY,3,63.781648,223006753.000000,,
BATTERY,3,63.780193,223009601.000000,,
BATTERY,3,63.780193,223009601.000000,,
BATTERY,3,63.780013,223009986.000000,,
BATTERY,3,63.618211,224014274.000000,,
BATTERY,3,63.616755,224017122.000000,,
BATTERY,3,63.616755,224017122.000000,,
BATTERY,3,63.616576,224017507.000000,,
BATTERY,3,63.454671,225022433.000000,,
BATTERY,3,63.453215,225025281.000000,,
BATTERY,3,63.453215,225025281.000000,,
BATTERY,3,63.453036,225025666.000000,,
BATTERY,3,63.293471,226016066.000000,,
BATTERY,3,63.292015,226018914.000000,,
BATTERY,3,63.292015,226018914.000000,,
BATTERY,3,63.291836,226019299.000000,,
BATTERY,3,63.131045,227017313.000000,,
BATTERY,3,63.129589,227020161.000000,,
BATTERY,3,63.129589,227020161.000000,,
BATTERY,3,63.129409,227020546.000000,,
BATTERY,3,62.968544,228019022.800000,,
BATTERY,3,62.967088,228021870.800000,,
BATTERY,3,62.967088,228021870.800000,,
BATTERY,3,62.966908,228022255.800000,,
BATTERY,3,62.807058,229014433.000000,,
BATTERY,3,62.805602,229017281.000000,,
BATTERY,3,62.805602,229017281.000000,,
BATTERY,3,62.805422,229017666.000000,,
BATTERY,3,62.645181,230012269.800000,,
BATTERY,3,62.643725,230015117.800000,,
BATTERY,3,62.643725,230015117.800000,,
BATTERY,3,62.643545,230015502.800000,,
BATTERY,3,62.481864,231019041.000000,,
BATTERY,3,62.480408,231021889.000000,,
BATTERY,3,62.480408,231021889.000000,,
BATTERY,3,62.480229,231022274.000000,,
BATTERY,3,62.320020,232016673.000000,,
BATTERY,3,62.318564,232019521.000000,,
BATTERY,3,62.318564,232019521.000000,,
BATTERY,3,62.318385,232019906.000000,,
BATTERY,3,62.159197,233007969.000000,,
BATTERY,3,62.157741,233010817.000000,,
BATTERY,3,62.157741,233010817.000000,,
BATTERY,3,62.157561,233011202.000000,,
BATTERY,3,62.154482,233030317.800000,,
BATTERY,3,62.153026,233033165.800000,,
BATTERY,3,62.153026,233033165.800000,,
BATTERY,3,62.152846,233033550.800000,,
BATTERY,3,61.996001,234007073.000000,,
BATTERY,3,61.994546,234009921.000000,,
BATTERY,3,61.994546,234009921.000000,,
BATTERY,3,61.994366,234010306.000000,,
BATTERY,3,61.834085,235005153.000000,,
BATTERY,3,61.832629,235008001.000000,,
BATTERY,3,61.832629,235008001.000000,,
BATTERY,3,61.832450,235008386.000000,,
BATTERY,3,61.670828,236011553.000000,,
BATTERY,3,61.669373,236014401.000000,,
BATTERY,3,61.669373,236014401.000000,,
BATTERY,3,61.669193,236014786.000000,,
BATTERY,3,61.507417,237018913.000000,,
BATTERY,3,61.505961,237021761.000000,,
BATTERY,3,61.505961,237021761.000000,,
BATTERY,3,61.505782,237022146.000000,,
BATTERY,3,61.347151,238006753.000000,,
BATTERY,3,61.345695,238009601.000000,,
BATTERY,3,61.345695,238009601.000000,,
BATTERY,3,61.345515,238009986.000000,,
BATTERY,3,61.183837,239013506.000000,,
BATTERY,3,61.182381,239016354.000000,,
BATTERY,3,61.182381,239016354.000000,,
BATTERY,3,61.182202,239016739.000000,,
BATTERY,3,61.022060,240010721.000000,,
BATTERY,3,61.020604,240013569.000000,,
BATTERY,3,61.020604,240013569.000000,,
BATTERY,3,61.020425,240013954.000000,,
BATTERY,3,60.858863,241016749.800000,,
BATTERY,3,60.857408,241019597.800000,,
BATTERY,3,60.857408,241019597.800000,,
BATTERY,3,60.857228,241019982.800000,,
BATTERY,3,60.695349,242024749.800000,,
BATTERY,3,60.693893,242027597.800000,,
BATTERY,3,60.693893,242027597.800000,,
BATTERY,3,60.693714,242027982.800000,,
BATTERY,3,60.534538,243015969.000000,,
BATTERY,3,60.533082,243018817.000000,,
BATTERY,3,60.533082,243018817.000000,,
BATTERY,3,60.532903,243019202.000000,,
BATTERY,3,60.372245,244016386.000000,,
BATTERY,3,60.370790,244019234.000000,,
BATTERY,3,60.370790,244019234.000000,,
BATTERY,3,60.370610,244019619.000000,,
BATTERY,3,60.210257,245014914.000000,,
BATTERY,3,60.208801,245017762.000000,,
BATTERY,3,60.208801,245017762.000000,,
BATTERY,3,60.208622,245018147.000000,,
BATTERY,3,60.046859,246022189.800000,,
BATTERY,3,60.045403,246025037.800000,,
BATTERY,3,60.045403,246025037.800000,,
BATTERY,3,60.045224,246025422.800000,,
BATTERY,3,59.885569,247016386.000000,,
BATTERY,3,59.884113,247019234.000000,,
BATTERY,3,59.884113,247019234.000000,,
BATTERY,3,59.883933,247019619.000000,,
BATTERY,3,59.725101,248005473.000000,,
BATTERY,3,59.723646,248008321.000000,,
BATTERY,3,59.723646,248008321.000000,,
BATTERY,3,59.723466,248008706.000000,,
BATTERY,3,59.560349,249021153.000000,,
BATTERY,3,59.558894,249024001.000000,,
BATTERY,3,59.558894,249024001.000000,,
BATTERY,3,59.558714,249024386.000000,,
BATTERY,3,59.400702,250005153.000000,,
BATTERY,3,59.399246,250008001.000000,,
BATTERY,3,59.399246,250008001.000000,,
BATTERY,3,59.399066,250008386.000000,,
BATTERY,3,59.237027,251014146.000000,,
BATTERY,3,59.235572,251016994.000000,,
BATTERY,3,59.235572,251016994.000000,,
BATTERY,3,59.235392,251017379.000000,,
BATTERY,3,59.074034,252018913.000000,,
BATTERY,3,59.072578,252021761.000000,,
BATTERY,3,59.072578,252021761.000000,,
BATTERY,3,59.072398,252022146.000000,,
BATTERY,3,58.912607,253013954.000000,,
BATTERY,3,58.911151,253016802.000000,,
BATTERY,3,58.911151,253016802.000000,,
BATTERY,3,58.910972,253017187.000000,,
BATTERY,3,58.750954,254010401.000000,,
BATTERY,3,58.749498,254013249.000000,,
BATTERY,3,58.749498,254013249.000000,,
BATTERY,3,58.749319,254013634.000000,,
BATTERY,3,58.587898,255015554.000000,,
BATTERY,3,58.586443,255018402.000000,,
BATTERY,3,58.586443,255018402.000000,,
BATTERY,3,58.586263,255018787.000000,,
BATTERY,3,58.426658,256009441.000000,,
BATTERY,3,58.425202,256012289.000000,,
BATTERY,3,58.425202,256012289.000000,,
BATTERY,3,58.425022,256012674.000000,,
BATTERY,3,58.263416,257015746.000000,,
BATTERY,3,58.261961,257018594.000000,,
BATTERY,3,58.261961,257018594.000000,,
BATTERY,3,58.261781,257018979.000000,,
BATTERY,3,58.102846,258005473.000000,,
BATTERY,3,58.101390,258008321.000000,,
BATTERY,3,58.101390,258008321.000000,,
BATTERY,3,58.101210,258008706.000000,,
BATTERY,3,57.940723,259004833.000000,,
BATTERY,3,57.939268,259007681.000000,,
BATTERY,3,57.939268,259007681.000000,,
BATTERY,3,57.939088,259008066.000000,,
BATTERY,3,57.777080,260013634.000000,,
BATTERY,3,57.775624,260016482.000000,,
BATTERY,3,57.775624,260016482.000000,,
BATTERY,3,57.775445,260016867.000000,,
BATTERY,3,57.614313,261016993.000000,,
BATTERY,3,57.612857,261019841.000000,,
BATTERY,3,57.612857,261019841.000000,,
BATTERY,3,57.612678,261020226.000000,,
BATTERY,3,57.451984,262017633.000000,,
BATTERY,3,57.450529,262020481.000000,,
BATTERY,3,57.450529,262020481.000000,,
BATTERY,3,57.450349,262020866.000000,,
BATTERY,3,57.289243,263020833.000000,,
BATTERY,3,57.287788,263023681.000000,,
BATTERY,3,57.287788,263023681.000000,,
BATTERY,3,57.287608,263024066.000000,,
BATTERY,3,57.126915,264021473.000000,,
BATTERY,3,57.125459,264024321.000000,,
BATTERY,3,57.125459,264024321.000000,,
BATTERY,3,57.125279,264024706.000000,,
BATTERY,3,56.965901,265013954.000000,,
BATTERY,3,56.964445,265016802.000000,,
BATTERY,3,56.964445,265016802.000000,,
BATTERY,3,56.964265,265017187.000000,,
BATTERY,3,56.803835,266012961.000000,,
BATTERY,3,56.802379,266015809.000000,,
BATTERY,3,56.802379,266015809.000000,,
BATTERY,3,56.802200,266016194.000000,,
BATTERY,3,56.642919,267004833.000000,,
BATTERY,3,56.641463,267007681.000000,,
BATTERY,3,56.641463,267007681.000000,,
BATTERY,3,56.641284,267008066.000000,,
BATTERY,3,56.478959,268015597.800000,,
BATTERY,3,56.477503,268018445.800000,,
BATTERY,3,56.477503,268018445.800000,,
BATTERY,3,56.477324,268018830.800000,,
BATTERY,3,56.316818,269015073.000000,,
BATTERY,3,56.315362,269017921.000000,,
BATTERY,3,56.315362,269017921.000000,,
BATTERY,3,56.315183,269018306.000000,,
BATTERY,3,56.155294,270010721.000000,,
BATTERY,3,56.153838,270013569.000000,,
BATTERY,3,56.153838,270013569.000000,,
BATTERY,3,56.153658,270013954.000000,,
BATTERY,3,55.993656,271007073.000000,,
BATTERY,3,55.992200,271009921.000000,,
BATTERY,3,55.992200,271009921.000000,,
BATTERY,3,55.992021,271010306.000000,,
BATTERY,3,55.831379,272007393.000000,,
BATTERY,3,55.829923,272010241.000000,,
BATTERY,3,55.829923,272010241.000000,,
BATTERY,3,55.829743,272010626.000000,,
BATTERY,3,55.669308,273006433.000000,,
BATTERY,3,55.667852,273009281.000000,,
BATTERY,3,55.667852,273009281.000000,,
BATTERY,3,55.667673,273009666.000000,,
BATTERY,3,55.505737,274014786.000000,,
BATTERY,3,55.504281,274017634.000000,,
BATTERY,3,55.504281,274017634.000000,,
BATTERY,3,55.504101,274018019.000000,,
BATTERY,3,55.344506,275008609.000000,,
BATTERY,3,55.343051,275011457.000000,,
BATTERY,3,55.343051,275011457.000000,,
BATTERY,3,55.342871,275011842.000000,,
BATTERY,3,55.339709,275031469.800000,,
BATTERY,3,55.338253,275034317.800000,,
BATTERY,3,55.338253,275034317.800000,,
BATTERY,3,55.338073,275034702.800000,,
BATTERY,3,55.180774,276011041.000000,,
BATTERY,3,55.179319,276013889.000000,,
BATTERY,3,55.179319,276013889.000000,,
BATTERY,3,55.179139,276014274.000000,,
BATTERY,3,55.018621,277010593.000000,,
BATTERY,3,55.017165,277013441.000000,,
BATTERY,3,55.017165,277013441.000000,,
BATTERY,3,55.016986,277013826.000000,,
BATTERY,3,54.855905,278013634.000000,,
BATTERY,3,54.854450,278016482.000000,,
BATTERY,3,54.854450,278016482.000000,,
BATTERY,3,54.854270,278016867.000000,,
BATTERY,3,54.691675,279026081.000000,,
BATTERY,3,54.690219,279028929.000000,,
BATTERY,3,54.690219,279028929.000000,,
BATTERY,3,54.690039,279029314.000000,,
BATTERY,3,54.369166,281020942.800000,,
BATTERY,3,54.367710,281023790.800000,,
BATTERY,3,54.367710,281023790.800000,,
BATTERY,3,54.367530,281024175.800000,,
BATTERY,3,54.207731,282016033.000000,,
BATTERY,3,54.206276,282018881.000000,,
BATTERY,3,54.206276,282018881.000000,,
BATTERY,3,54.206096,282019266.000000,,
BATTERY,3,54.047052,283006433.000000,,
BATTERY,3,54.045597,283009281.000000,,
BATTERY,3,54.045597,283009281.000000,,
BATTERY,3,54.045417,283009666.000000,,
BATTERY,3,53.882950,284018081.000000,,
BATTERY,3,53.881495,284020929.000000,,
BATTERY,3,53.881495,284020929.000000,,
BATTERY,3,53.881315,284021314.000000,,
BATTERY,3,53.721493,285013314.000000,,
BATTERY,3,53.720037,285016162.000000,,
BATTERY,3,53.720037,285016162.000000,,
BATTERY,3,53.719857,285016547.000000,,
BATTERY,3,53.558623,286017313.000000,,
BATTERY,3,53.557167,286020161.000000,,
BATTERY,3,53.557167,286020161.000000,,
BATTERY,3,53.556987,286020546.000000,,
BATTERY,3,53.397666,287009441.000000,,
BATTERY,3,53.396210,287012289.000000,,
BATTERY,3,53.396210,287012289.000000,,
BATTERY,3,53.396030,287012674.000000,,
BATTERY,3,53.235203,288010913.000000,,
BATTERY,3,53.233747,288013761.000000,,
BATTERY,3,53.233747,288013761.000000,,
BATTERY,3,53.233567,288014146.000000,,
BATTERY,3,53.073751,289006113.000000,,
BATTERY,3,53.072295,289008961.000000,,
BATTERY,3,53.072295,289008961.000000,,
BATTERY,3,53.072115,289009346.000000,,
BATTERY,3,52.909236,290020321.000000,,
BATTERY,3,52.907780,290023169.000000,,
BATTERY,3,52.907780,290023169.000000,,
BATTERY,3,52.907601,290023554.000000,,
BATTERY,3,52.746773,291021793.000000,,
BATTERY,3,52.745318,291024641.000000,,
BATTERY,3,52.745318,291024641.000000,,
BATTERY,3,52.745138,291025026.000000,,
BATTERY,3,52.585883,292013506.000000,,
BATTERY,3,52.584427,292016354.000000,,
BATTERY,3,52.584427,292016354.000000,,
BATTERY,3,52.584248,292016739.000000,,
BATTERY,3,52.421273,293028302.800000,,
BATTERY,3,52.419818,293031150.800000,,
BATTERY,3,52.419818,293031150.800000,,
BATTERY,3,52.419638,293031535.800000,,
BATTERY,3,52.262881,294004513.000000,,
BATTERY,3,52.261425,294007361.000000,,
BATTERY,3,52.261425,294007361.000000,,
BATTERY,3,52.261245,294007746.000000,,
BATTERY,3,52.099892,295009249.000000,,
BATTERY,3,52.098436,295012097.000000,,
BATTERY,3,52.098436,295012097.000000,,
BATTERY,3,52.098257,295012482.000000,,
BATTERY,3,52.095585,295029063.400000,,
BATTERY,3,52.094130,295031911.400000,,
BATTERY,3,52.094130,295031911.400000,,
BATTERY,3,52.093950,295032296.400000,,
BATTERY,3,51.935794,296013954.000000,,
BATTERY,3,51.934338,296016802.000000,,
BATTERY,3,51.934338,296016802.000000,,
BATTERY,3,51.934159,296017187.000000,,
BATTERY,3,51.774192,297010081.000000,,
BATTERY,3,51.772737,297012929.000000,,
BATTERY,3,51.772737,297012929.000000,,
BATTERY,3,51.772557,297013314.000000,,
BATTERY,3,51.611008,298016033.000000,,
BATTERY,3,51.609552,298018881.000000,,
BATTERY,3,51.609552,298018881.000000,,
BATTERY,3,51.609373,298019266.000000,,
BATTERY,3,51.449028,299014509.800000,,
BATTERY,3,51.447572,299017357.800000,,
BATTERY,3,51.447572,299017357.800000,,
BATTERY,3,51.447393,299017742.800000,,
BATTERY,3,51.286691,300015201.000000,,
BATTERY,3,51.285235,300018049.000000,,
BATTERY,3,51.285235,300018049.000000,,
BATTERY,3,51.285056,300018434.000000,,
BATTERY,3,51.123022,301024161.000000,,
BATTERY,3,51.121566,301027009.000000,,
BATTERY,3,51.121566,301027009.000000,,
BATTERY,3,51.121386,301027394.000000,,
BATTERY,3,50.963065,302010081.000000,,
BATTERY,3,50.961609,302012929.000000,,
BATTERY,3,50.961609,302012929.000000,,
BATTERY,3,50.961429,302013314.000000,,
BATTERY,3,50.801530,303005793.000000,,
BATTERY,3,50.800074,303008641.000000,,
BATTERY,3,50.800074,303008641.000000,,
BATTERY,3,50.799895,303009026.000000,,
BATTERY,3,50.639356,304005473.000000,,
BATTERY,3,50.637900,304008321.000000,,
BATTERY,3,50.637900,304008321.000000,,
BATTERY,3,50.637721,304008706.000000,,
BATTERY,3,50.475424,305016066.000000,,
BATTERY,3,50.473968,305018914.000000,,
BATTERY,3,50.473968,305018914.000000,,
BATTERY,3,50.473788,305019299.000000,,
BATTERY,3,50.313353,306015106.000000,,
BATTERY,3,50.311897,306017954.000000,,
BATTERY,3,50.311897,306017954.000000,,
BATTERY,3,50.311718,306018339.000000,,
BATTERY,3,50.151906,307010273.000000,,
BATTERY,3,50.150450,307013121.000000,,
BATTERY,3,50.150450,307013121.000000,,
BATTERY,3,50.150271,307013506.000000,,
BATTERY,3,49.988474,308017761.000000,,
BATTERY,3,49.987018,308020609.000000,,
BATTERY,3,49.987018,308020609.000000,,
BATTERY,3,49.986839,308020994.000000,,
BATTERY,3,49.828074,309006433.000000,,
BATTERY,3,49.826618,309009281.000000,,
BATTERY,3,49.826618,309009281.000000,,
BATTERY,3,49.826438,309009666.000000,,
BATTERY,3,49.665601,310007969.000000,,
BATTERY,3,49.664145,310010817.000000,,
BATTERY,3,49.664145,310010817.000000,,
BATTERY,3,49.663965,310011202.000000,,
BATTERY,3,49.661164,310028589.800000,,
BATTERY,3,49.659708,310031437.800000,,
BATTERY,3,49.659708,310031437.800000,,
BATTERY,3,49.659529,310031822.800000,,
BATTERY,3,49.499655,311024142.800000,,
BATTERY,3,49.498199,311026990.800000,,
BATTERY,3,49.498199,311026990.800000,,
BATTERY,3,49.498019,311027375.800000,,
BATTERY,3,49.336030,312032826.600000,,
BATTERY,3,49.334575,312035674.600000,,
BATTERY,3,49.334575,312035674.600000,,
BATTERY,3,49.334395,312036059.600000,,
BATTERY,3,49.176180,313018081.000000,,
BATTERY,3,49.174725,313020929.000000,,
BATTERY,3,49.174725,313020929.000000,,
BATTERY,3,49.174545,313021314.000000,,
BATTERY,3,49.013391,314021582.800000,,
BATTERY,3,49.011935,314024430.800000,,
BATTERY,3,49.011935,314024430.800000,,
BATTERY,3,49.011755,314024815.800000,,
BATTERY,3,48.851745,315017986.000000,,
BATTERY,3,48.850289,315020834.000000,,
BATTERY,3,48.850289,315020834.000000,,
BATTERY,3,48.850109,315021219.000000,,
BATTERY,3,48.689983,316015106.000000,,
BATTERY,3,48.688527,316017954.000000,,
BATTERY,3,48.688527,316017954.000000,,
BATTERY,3,48.688348,316018339.000000,,
BATTERY,3,48.526732,317021473.000000,,
BATTERY,3,48.525276,317024321.000000,,
BATTERY,3,48.525276,317024321.000000,,
BATTERY,3,48.525096,317024706.000000,,
BATTERY,3,48.365326,318016386.000000,,
BATTERY,3,48.363870,318019234.000000,,
BATTERY,3,48.363870,318019234.000000,,
BATTERY,3,48.363690,318019619.000000,,
BATTERY,3,48.204601,319007073.000000,,
BATTERY,3,48.203145,319009921.000000,,
BATTERY,3,48.203145,319009921.000000,,
BATTERY,3,48.202965,319010306.000000,,
BATTERY,3,48.039682,320023789.800000,,
BATTERY,3,48.038226,320026637.800000,,
BATTERY,3,48.038226,320026637.800000,,
BATTERY,3,48.038046,320027022.800000,,
BATTERY,3,47.878577,321016834.000000,,
BATTERY,3,47.877121,321019682.000000,,
BATTERY,3,47.877121,321019682.000000,,
BATTERY,3,47.876942,321020067.000000,,
BATTERY,3,47.715965,322019233.000000,,
BATTERY,3,47.714509,322022081.000000,,
BATTERY,3,47.714509,322022081.000000,,
BATTERY,3,47.714329,322022466.000000,,
BATTERY,3,47.554294,323015789.800000,,
BATTERY,3,47.552838,323018637.800000,,
BATTERY,3,47.552838,323018637.800000,,
BATTERY,3,47.552659,323019022.800000,,
BATTERY,3,47.391811,324017389.800000,,
BATTERY,3,47.390355,324020237.800000,,
BATTERY,3,47.390355,324020237.800000,,
BATTERY,3,47.390175,324020622.800000,,
BATTERY,3,47.389763,324023182.800000,,
BATTERY,3,47.388307,324026030.800000,,
BATTERY,3,47.388307,324026030.800000,,
BATTERY,3,47.388128,324026415.800000,,
BATTERY,3,47.229308,325012193.000000,,
BATTERY,3,47.227852,325015041.000000,,
BATTERY,3,47.227852,325015041.000000,,
BATTERY,3,47.227673,325015426.000000,,
BATTERY,3,47.066644,326014914.000000,,
BATTERY,3,47.065188,326017762.000000,,
BATTERY,3,47.065188,326017762.000000,,
BATTERY,3,47.065009,326018147.000000,,
BATTERY,3,46.904187,327016353.000000,,
BATTERY,3,46.902731,327019201.000000,,
BATTERY,3,46.902731,327019201.000000,,
BATTERY,3,46.902551,327019586.000000,,
BATTERY,3,46.742631,328012193.000000,,
BATTERY,3,46.741176,328015041.000000,,
BATTERY,3,46.741176,328015041.000000,,
BATTERY,3,46.740996,328015426.000000,,
BATTERY,3,46.580560,329011233.000000,,
BATTERY,3,46.579105,329014081.000000,,
BATTERY,3,46.579105,329014081.000000,,
BATTERY,3,46.578925,329014466.000000,,
BATTERY,3,46.417711,330015106.000000,,
BATTERY,3,46.416255,330017954.000000,,
BATTERY,3,46.416255,330017954.000000,,
BATTERY,3,46.416076,330018339.000000,,
BATTERY,3,46.255994,331011949.800000,,
BATTERY,3,46.254538,331014797.800000,,
BATTERY,3,46.254538,331014797.800000,,
BATTERY,3,46.254358,331015182.800000,,
BATTERY,3,46.094760,332005793.000000,,
BATTERY,3,46.093305,332008641.000000,,
BATTERY,3,46.093305,332008641.000000,,
BATTERY,3,46.093125,332009026.000000,,
BATTERY,3,45.932122,333008353.000000,,
BATTERY,3,45.930667,333011201.000000,,
BATTERY,3,45.930667,333011201.000000,,
BATTERY,3,45.930487,333011586.000000,,
BATTERY,3,45.769015,334013826.000000,,
BATTERY,3,45.767559,334016674.000000,,
BATTERY,3,45.767559,334016674.000000,,
BATTERY,3,45.767380,334017059.000000,,
BATTERY,3,45.607156,335011553.000000,,
BATTERY,3,45.605700,335014401.000000,,
BATTERY,3,45.605700,335014401.000000,,
BATTERY,3,45.605520,335014786.000000,,
BATTERY,3,45.445755,336006433.000000,,
BATTERY,3,45.444299,336009281.000000,,
BATTERY,3,45.444299,336009281.000000,,
BATTERY,3,45.444120,336009666.000000,,
BATTERY,3,45.281704,337017761.000000,,
BATTERY,3,45.280249,337020609.000000,,
BATTERY,3,45.280249,337020609.000000,,
BATTERY,3,45.280069,337020994.000000,,
BATTERY,3,45.120510,338011361.000000,,
BATTERY,3,45.119054,338014209.000000,,
BATTERY,3,45.119054,338014209.000000,,
BATTERY,3,45.118874,338014594.000000,,
BATTERY,3,44.958872,339007713.000000,,
BATTERY,3,44.957416,339010561.000000,,
BATTERY,3,44.957416,339010561.000000,,
BATTERY,3,44.957237,339010946.000000,,
BATTERY,3,44.796853,340006433.000000,,
BATTERY,3,44.795397,340009281.000000,,
BATTERY,3,44.795397,340009281.000000,,
BATTERY,3,44.795217,340009666.000000,,
BATTERY,3,44.632204,341021473.000000,,
BATTERY,3,44.630748,341024321.000000,,
BATTERY,3,44.630748,341024321.000000,,
BATTERY,3,44.630569,341024706.000000,,
BATTERY,3,44.468026,342033594.600000,,
BATTERY,3,44.466570,342036442.600000,,
BATTERY,3,44.466570,342036442.600000,,
BATTERY,3,44.466390,342036827.600000,,
BATTERY,3,44.308578,343016353.000000,,
BATTERY,3,44.307122,343019201.000000,,
BATTERY,3,44.307122,343019201.000000,,
BATTERY,3,44.306942,343019586.000000,,
BATTERY,3,44.148260,344004513.000000,,
BATTERY,3,44.146804,344007361.000000,,
BATTERY,3,44.146804,344007361.000000,,
BATTERY,3,44.146624,344007746.000000,,
BATTERY,3,43.985776,345006113.000000,,
BATTERY,3,43.984321,345008961.000000,,
BATTERY,3,43.984321,345008961.000000,,
BATTERY,3,43.984141,345009346.000000,,
BATTERY,3,43.822778,346010913.000000,,
BATTERY,3,43.821322,346013761.000000,,
BATTERY,3,43.821322,346013761.000000,,
BATTERY,3,43.821142,346014146.000000,,
BATTERY,3,43.659263,347018913.000000,,
BATTERY,3,43.657807,347021761.000000,,
BATTERY,3,43.657807,347021761.000000,,
BATTERY,3,43.657628,347022146.000000,,
BATTERY,3,43.499100,348006113.000000,,
BATTERY,3,43.497644,348008961.000000,,
BATTERY,3,43.497644,348008961.000000,,
BATTERY,3,43.497465,348009346.000000,,
BATTERY,3,43.335934,349011949.800000,,
BATTERY,3,43.334478,349014797.800000,,
BATTERY,3,43.334478,349014797.800000,,
BATTERY,3,43.334299,349015182.800000,,
BATTERY,3,43.173978,350010273.000000,,
BATTERY,3,43.172523,350013121.000000,,
BATTERY,3,43.172523,350013121.000000,,
BATTERY,3,43.172343,350013506.000000,,
BATTERY,3,43.012475,351005793.000000,,
BATTERY,3,43.011019,351008641.000000,,
BATTERY,3,43.011019,351008641.000000,,
BATTERY,3,43.010839,351009026.000000,,
BATTERY,3,42.850352,352005153.000000,,
BATTERY,3,42.848897,352008001.000000,,
BATTERY,3,42.848897,352008001.000000,,
BATTERY,3,42.848717,352008386.000000,,
BATTERY,3,42.687869,353006753.000000,,
BATTERY,3,42.686413,353009601.000000,,
BATTERY,3,42.686413,353009601.000000,,
BATTERY,3,42.686234,353009986.000000,,
BATTERY,3,42.524953,354011041.000000,,
BATTERY,3,42.523497,354013889.000000,,
BATTERY,3,42.523497,354013889.000000,,
BATTERY,3,42.523317,354014274.000000,,
BATTERY,3,42.363521,355006113.000000,,
BATTERY,3,42.362065,355008961.000000,,
BATTERY,3,42.362065,355008961.000000,,
BATTERY,3,42.361886,355009346.000000,,
BATTERY,3,42.199316,356018401.000000,,
BATTERY,3,42.197860,356021249.000000,,
BATTERY,3,42.197860,356021249.000000,,
BATTERY,3,42.197680,356021634.000000,,
BATTERY,3,42.038181,357011629.800000,,
BATTERY,3,42.036725,357014477.800000,,
BATTERY,3,42.036725,357014477.800000,,
BATTERY,3,42.036546,357014862.800000,,
BATTERY,3,41.875091,358016993.000000,,
BATTERY,3,41.873636,358019841.000000,,
BATTERY,3,41.873636,358019841.000000,,
BATTERY,3,41.873456,358020226.000000,,
BATTERY,3,41.712845,359017121.000000,,
BATTERY,3,41.711390,359019969.000000,,
BATTERY,3,41.711390,359019969.000000,,
BATTERY,3,41.711210,359020354.000000,,
BATTERY,3,41.552290,360006753.000000,,
BATTERY,3,41.550834,360009601.000000,,
BATTERY,3,41.550834,360009601.000000,,
BATTERY,3,41.550655,360009986.000000,,
BATTERY,3,41.389394,361010913.000000,,
BATTERY,3,41.387939,361013761.000000,,
BATTERY,3,41.387939,361013761.000000,,
BATTERY,3,41.387759,361014146.000000,,
BATTERY,3,41.226177,362017069.800000,,
BATTERY,3,41.224721,362019917.800000,,
BATTERY,3,41.224721,362019917.800000,,
BATTERY,3,41.224542,362020302.800000,,
BATTERY,3,41.063861,363017633.000000,,
BATTERY,3,41.062405,363020481.000000,,
BATTERY,3,41.062405,363020481.000000,,
BATTERY,3,41.062225,363020866.000000,,
BATTERY,3,40.901687,364017313.000000,,
BATTERY,3,40.900231,364020161.000000,,
BATTERY,3,40.900231,364020161.000000,,
BATTERY,3,40.900051,364020546.000000,,
BATTERY,3,40.739353,365017986.000000,,
BATTERY,3,40.737897,365020834.000000,,
BATTERY,3,40.737897,365020834.000000,,
BATTERY,3,40.737717,365021219.000000,,
BATTERY,3,40.577106,366018114.000000,,
BATTERY,3,40.575651,366020962.000000,,
BATTERY,3,40.575651,366020962.000000,,
BATTERY,3,40.575471,366021347.000000,,
BATTERY,3,40.413500,367026682.600000,,
BATTERY,3,40.412045,367029530.600000,,
BATTERY,3,40.412045,367029530.600000,,
BATTERY,3,40.411865,367029915.600000,,
BATTERY,3,40.252184,368021037.800000,,
BATTERY,3,40.250729,368023885.800000,,
BATTERY,3,40.250729,368023885.800000,,
BATTERY,3,40.250549,368024270.800000,,
BATTERY,3,40.090311,369018849.000000,,
BATTERY,3,40.088856,369021697.000000,,
BATTERY,3,40.088856,369021697.000000,,
BATTERY,3,40.088676,369022082.000000,,
BATTERY,3,39.928661,370015277.800000,,
BATTERY,3,39.927206,370018125.800000,,
BATTERY,3,39.927206,370018125.800000,,
BATTERY,3,39.927026,370018510.800000,,
BATTERY,3,39.767912,371006113.000000,,
BATTERY,3,39.766457,371008961.000000,,
BATTERY,3,39.766457,371008961.000000,,
BATTERY,3,39.766277,371009346.000000,,
BATTERY,3,39.603877,372017346.000000,,
BATTERY,3,39.602421,372020194.000000,,
BATTERY,3,39.602421,372020194.000000,,
BATTERY,3,39.602242,372020579.000000,,
BATTERY,3,39.442688,373010913.000000,,
BATTERY,3,39.441232,373013761.000000,,
BATTERY,3,39.441232,373013761.000000,,
BATTERY,3,39.441052,373014146.000000,,
BATTERY,3,39.281442,374004833.000000,,
BATTERY,3,39.279986,374007681.000000,,
BATTERY,3,39.279986,374007681.000000,,
BATTERY,3,39.279806,374008066.000000,,
BATTERY,3,39.115583,375027386.600000,,
BATTERY,3,39.114127,375030234.600000,,
BATTERY,3,39.114127,375030234.600000,,
BATTERY,3,39.113947,375030619.600000,,
BATTERY,3,38.956784,376006113.000000,,
BATTERY,3,38.955329,376008961.000000,,
BATTERY,3,38.955329,376008961.000000,,
BATTERY,3,38.955149,376009346.000000,,
BATTERY,3,38.792458,377019150.800000,,
BATTERY,3,38.791003,377021998.800000,,
BATTERY,3,38.791003,377021998.800000,,
BATTERY,3,38.790823,377022383.800000,,
BATTERY,3,38.630774,378015789.800000,,
BATTERY,3,38.629319,378018637.800000,,
BATTERY,3,38.629319,378018637.800000,,
BATTERY,3,38.629139,378019022.800000,,
BATTERY,3,38.469438,379010273.000000,,
BATTERY,3,38.467982,379013121.000000,,
BATTERY,3,38.467982,379013121.000000,,
BATTERY,3,38.467802,379013506.000000,,
BATTERY,3,38.307779,380006753.000000,,
BATTERY,3,38.306323,380009601.000000,,
BATTERY,3,38.306323,380009601.000000,,
BATTERY,3,38.306144,380009986.000000,,
BATTERY,3,38.144105,381015746.000000,,
BATTERY,3,38.142649,381018594.000000,,
BATTERY,3,38.142649,381018594.000000,,
BATTERY,3,38.142469,381018979.000000,,
BATTERY,3,37.982085,382014466.000000,,
BATTERY,3,37.980630,382017314.000000,,
BATTERY,3,37.980630,382017314.000000,,
BATTERY,3,37.980450,382017699.000000,,
BATTERY,3,37.818719,383021549.800000,,
BATTERY,3,37.817263,383024397.800000,,
BATTERY,3,37.817263,383024397.800000,,
BATTERY,3,37.817083,383024782.800000,,
BATTERY,3,37.656144,384023713.000000,,
BATTERY,3,37.654689,384026561.000000,,
BATTERY,3,37.654689,384026561.000000,,
BATTERY,3,37.654509,384026946.000000,,
BATTERY,3,37.495099,385016386.000000,,
BATTERY,3,37.493644,385019234.000000,,
BATTERY,3,37.493644,385019234.000000,,
BATTERY,3,37.493464,385019619.000000,,
BATTERY,3,37.333009,386015546.600000,,
BATTERY,3,37.331553,386018394.600000,,
BATTERY,3,37.331553,386018394.600000,,
BATTERY,3,37.331374,386018779.600000,,
BATTERY,3,37.171458,387011361.000000,,
BATTERY,3,37.170002,387014209.000000,,
BATTERY,3,37.170002,387014209.000000,,
BATTERY,3,37.169823,387014594.000000,,
BATTERY,3,37.010129,388005793.000000,,
BATTERY,3,37.008674,388008641.000000,,
BATTERY,3,37.008674,388008641.000000,,
BATTERY,3,37.008494,388009026.000000,,
BATTERY,3,36.846118,389016877.800000,,
BATTERY,3,36.844662,389019725.800000,,
BATTERY,3,36.844662,389019725.800000,,
BATTERY,3,36.844483,389020110.800000,,
BATTERY,3,36.684884,390010721.000000,,
BATTERY,3,36.683429,390013569.000000,,
BATTERY,3,36.683429,390013569.000000,,
BATTERY,3,36.683249,390013954.000000,,
BATTERY,3,36.522512,391011629.800000,,
BATTERY,3,36.521057,391014477.800000,,
BATTERY,3,36.521057,391014477.800000,,
BATTERY,3,36.520877,391014862.800000,,
BATTERY,3,36.361021,392007073.000000,,
BATTERY,3,36.359565,392009921.000000,,
BATTERY,3,36.359565,392009921.000000,,
BATTERY,3,36.359386,392010306.000000,,
BATTERY,3,36.198847,393006753.000000,,
BATTERY,3,36.197391,393009601.000000,,
BATTERY,3,36.197391,393009601.000000,,
BATTERY,3,36.197212,393009986.000000,,
BATTERY,3,36.035023,394016673.000000,,
BATTERY,3,36.033568,394019521.000000,,
BATTERY,3,36.033568,394019521.000000,,
BATTERY,3,36.033388,394019906.000000,,
BATTERY,3,35.872829,395016481.000000,,
BATTERY,3,35.871373,395019329.000000,,
BATTERY,3,35.871373,395019329.000000,,
BATTERY,3,35.871193,395019714.000000,,
BATTERY,3,35.711758,396009313.000000,,
BATTERY,3,35.710302,396012161.000000,,
BATTERY,3,35.710302,396012161.000000,,
BATTERY,3,35.710123,396012546.000000,,
BATTERY,3,35.548599,397015106.000000,,
BATTERY,3,35.547143,397017954.000000,,
BATTERY,3,35.547143,397017954.000000,,
BATTERY,3,35.546964,397018339.000000,,
BATTERY,3,35.385430,398020961.000000,,
BATTERY,3,35.383974,398023809.000000,,
BATTERY,3,35.383974,398023809.000000,,
BATTERY,3,35.383795,398024194.000000,,
BATTERY,3,35.224359,399013793.000000,,
BATTERY,3,35.222904,399016641.000000,,
BATTERY,3,35.222904,399016641.000000,,
BATTERY,3,35.222724,399017026.000000,,
BATTERY,3,35.059583,400029626.600000,,
BATTERY,3,35.058127,400032474.600000,,
BATTERY,3,35.058127,400032474.600000,,
BATTERY,3,35.057948,400032859.600000,,
BATTERY,3,34.900475,401010273.000000,,
BATTERY,3,34.899020,401013121.000000,,
BATTERY,3,34.899020,401013121.000000,,
BATTERY,3,34.898840,401013506.000000,,
BATTERY,3,34.738508,402008673.000000,,
BATTERY,3,34.737052,402011521.000000,,
BATTERY,3,34.737052,402011521.000000,,
BATTERY,3,34.736872,402011906.000000,,
BATTERY,3,34.574127,403022049.000000,,
BATTERY,3,34.572671,403024897.000000,,
BATTERY,3,34.572671,403024897.000000,,
BATTERY,3,34.572492,403025282.000000,,
BATTERY,3,34.413696,404010913.000000,,
BATTERY,3,34.412240,404013761.000000,,
BATTERY,3,34.412240,404013761.000000,,
BATTERY,3,34.412060,404014146.000000,,
BATTERY,3,34.250387,405017633.000000,,
BATTERY,3,34.248932,405020481.000000,,
BATTERY,3,34.248932,405020481.000000,,
BATTERY,3,34.248752,405020866.000000,,
BATTERY,3,34.089760,406007713.000000,,
BATTERY,3,34.088304,406010561.000000,,
BATTERY,3,34.088304,406010561.000000,,
BATTERY,3,34.088125,406010946.000000,,
BATTERY,3,33.927019,407010913.000000,,
BATTERY,3,33.925563,407013761.000000,,
BATTERY,3,33.925563,407013761.000000,,
BATTERY,3,33.925384,407014146.000000,,
BATTERY,3,33.764948,408009953.000000,,
BATTERY,3,33.763493,408012801.000000,,
BATTERY,3,33.763493,408012801.000000,,
BATTERY,3,33.763313,408013186.000000,,
BATTERY,3,33.603187,409007073.000000,,
BATTERY,3,33.601731,409009921.000000,,
BATTERY,3,33.601731,409009921.000000,,
BATTERY,3,33.601551,409010306.000000,,
BATTERY,3,33.440909,410007393.000000,,
BATTERY,3,33.439454,410010241.000000,,
BATTERY,3,33.439454,410010241.000000,,
BATTERY,3,33.439274,410010626.000000,,
BATTERY,3,33.116330,412015106.000000,,
BATTERY,3,33.114875,412017954.000000,,
BATTERY,3,33.114875,412017954.000000,,
BATTERY,3,33.114695,412018339.000000,,
BATTERY,3,32.953440,413019233.000000,,
BATTERY,3,32.951984,413022081.000000,,
BATTERY,3,32.951984,413022081.000000,,
BATTERY,3,32.951804,413022466.000000,,
BATTERY,3,32.790892,414021229.800000,,
BATTERY,3,32.789437,414024077.800000,,
BATTERY,3,32.789437,414024077.800000,,
BATTERY,3,32.789257,414024462.800000,,
BATTERY,3,32.630317,415010989.800000,,
BATTERY,3,32.628861,415013837.800000,,
BATTERY,3,32.628861,415013837.800000,,
BATTERY,3,32.628681,415014222.800000,,
BATTERY,3,32.468825,416006433.000000,,
BATTERY,3,32.467370,416009281.000000,,
BATTERY,3,32.467370,416009281.000000,,
BATTERY,3,32.467190,416009666.000000,,
BATTERY,3,32.306651,417006113.000000,,
BATTERY,3,32.305196,417008961.000000,,
BATTERY,3,32.305196,417008961.000000,,
BATTERY,3,32.305016,417009346.000000,,
BATTERY,3,32.142755,418016481.000000,,
BATTERY,3,32.141300,418019329.000000,,
BATTERY,3,32.141300,418019329.000000,,
BATTERY,3,32.141120,418019714.000000,,
BATTERY,3,31.981685,419009313.000000,,
BATTERY,3,31.980229,419012161.000000,,
BATTERY,3,31.980229,419012161.000000,,
BATTERY,3,31.980049,419012546.000000,,
BATTERY,3,31.819098,420011553.000000,,
BATTERY,3,31.817643,420014401.000000,,
BATTERY,3,31.817643,420014401.000000,,
BATTERY,3,31.817463,420014786.000000,,
BATTERY,3,31.656094,421016386.000000,,
BATTERY,3,31.654638,421019234.000000,,
BATTERY,3,31.654638,421019234.000000,,
BATTERY,3,31.654459,421019619.000000,,
BATTERY,3,31.493237,422020302.800000,,
BATTERY,3,31.491782,422023150.800000,,
BATTERY,3,31.491782,422023150.800000,,
BATTERY,3,31.491602,422023535.800000,,
BATTERY,3,31.332422,423011553.000000,,
BATTERY,3,31.330966,423014401.000000,,
BATTERY,3,31.330966,423014401.000000,,
BATTERY,3,31.330786,423014786.000000,,
BATTERY,3,31.169727,424014466.000000,,
BATTERY,3,31.168271,424017314.000000,,
BATTERY,3,31.168271,424017314.000000,,
BATTERY,3,31.168091,424017699.000000,,
BATTERY,3,31.008074,425010913.000000,,
BATTERY,3,31.006618,425013761.000000,,
BATTERY,3,31.006618,425013761.000000,,
BATTERY,3,31.006438,425014146.000000,,
BATTERY,3,30.843992,426022433.000000,,
BATTERY,3,30.842536,426025281.000000,,
BATTERY,3,30.842536,426025281.000000,,
BATTERY,3,30.842357,426025666.000000,,
BATTERY,3,30.683705,427010401.000000,,
BATTERY,3,30.682249,427013249.000000,,
BATTERY,3,30.682249,427013249.000000,,
BATTERY,3,30.682070,427013634.000000,,
BATTERY,3,30.520464,428016706.000000,,
BATTERY,3,30.519008,428019554.000000,,
BATTERY,3,30.519008,428019554.000000,,
BATTERY,3,30.518828,428019939.000000,,
BATTERY,3,30.360099,429005153.000000,,
BATTERY,3,30.358644,429008001.000000,,
BATTERY,3,30.358644,429008001.000000,,
BATTERY,3,30.358464,429008386.000000,,
BATTERY,3,30.196533,430013473.000000,,
BATTERY,3,30.195078,430016321.000000,,
BATTERY,3,30.195078,430016321.000000,,
BATTERY,3,30.194898,430016706.000000,,
BATTERY,3,30.033478,431018626.000000,,
BATTERY,3,30.032022,431021474.000000,,
BATTERY,3,30.032022,431021474.000000,,
BATTERY,3,30.031842,431021859.000000,,
BATTERY,3,29.871561,432016706.000000,,
BATTERY,3,29.870106,432019554.000000,,
BATTERY,3,29.870106,432019554.000000,,
BATTERY,3,29.869926,432019939.000000,,
BATTERY,3,29.711146,433005473.000000,,
BATTERY,3,29.709690,433008321.000000,,
BATTERY,3,29.709690,433008321.000000,,
BATTERY,3,29.709510,433008706.000000,,
BATTERY,3,29.549075,434004513.000000,,
BATTERY,3,29.547619,434007361.000000,,
BATTERY,3,29.547619,434007361.000000,,
BATTERY,3,29.547439,434007746.000000,,
BATTERY,3,29.386746,435005153.000000,,
BATTERY,3,29.385290,435008001.000000,,
BATTERY,3,29.385290,435008001.000000,,
BATTERY,3,29.385111,435008386.000000,,
BATTERY,3,29.222747,436016161.000000,,
BATTERY,3,29.221291,436019009.000000,,
BATTERY,3,29.221291,436019009.000000,,
BATTERY,3,29.221112,436019394.000000,,
BATTERY,3,29.061367,437010913.000000,,
BATTERY,3,29.059911,437013761.000000,,
BATTERY,3,29.059911,437013761.000000,,
BATTERY,3,29.059732,437014146.000000,,
BATTERY,3,28.896900,438024826.600000,,
BATTERY,3,28.895444,438027674.600000,,
BATTERY,3,28.895444,438027674.600000,,
BATTERY,3,28.895264,438028059.600000,,
BATTERY,3,28.894226,438034503.400000,,
BATTERY,3,28.892771,438037351.400000,,
BATTERY,3,28.892771,438037351.400000,,
BATTERY,3,28.892591,438037736.400000,,
BATTERY,3,28.736833,439004513.000000,,
BATTERY,3,28.735377,439007361.000000,,
BATTERY,3,28.735377,439007361.000000,,
BATTERY,3,28.735197,439007746.000000,,
BATTERY,3,28.572596,440016993.000000,,
BATTERY,3,28.571141,440019841.000000,,
BATTERY,3,28.571141,440019841.000000,,
BATTERY,3,28.570961,440020226.000000,,
BATTERY,3,28.410659,441015201.000000,,
BATTERY,3,28.409204,441018049.000000,,
BATTERY,3,28.409204,441018049.000000,,
BATTERY,3,28.409024,441018434.000000,,
BATTERY,3,28.248919,442012193.000000,,
BATTERY,3,28.247463,442015041.000000,,
BATTERY,3,28.247463,442015041.000000,,
BATTERY,3,28.247283,442015426.000000,,
BATTERY,3,28.084889,443023393.000000,,
BATTERY,3,28.083433,443026241.000000,,
BATTERY,3,28.083433,443026241.000000,,
BATTERY,3,28.083253,443026626.000000,,
BATTERY,3,27.924101,444014466.000000,,
BATTERY,3,27.922646,444017314.000000,,
BATTERY,3,27.922646,444017314.000000,,
BATTERY,3,27.922466,444017699.000000,,
BATTERY,3,27.761669,445015746.000000,,
BATTERY,3,27.760214,445018594.000000,,
BATTERY,3,27.760214,445018594.000000,,
BATTERY,3,27.760034,445018979.000000,,
BATTERY,3,27.599099,446017889.000000,,
BATTERY,3,27.597643,446020737.000000,,
BATTERY,3,27.597643,446020737.000000,,
BATTERY,3,27.597463,446021122.000000,,
BATTERY,3,27.438770,447006113.000000,,
BATTERY,3,27.437315,447008961.000000,,
BATTERY,3,27.437315,447008961.000000,,
BATTERY,3,27.437135,447009346.000000,,
BATTERY,3,27.275101,448015073.000000,,
BATTERY,3,27.273646,448017921.000000,,
BATTERY,3,27.273646,448017921.000000,,
BATTERY,3,27.273466,448018306.000000,,
BATTERY,3,27.111678,449022509.800000,,
BATTERY,3,27.110222,449025357.800000,,
BATTERY,3,27.110222,449025357.800000,,
BATTERY,3,27.110042,449025742.800000,,
BATTERY,3,26.950490,450016066.000000,,
BATTERY,3,26.949035,450018914.000000,,
BATTERY,3,26.949035,450018914.000000,,
BATTERY,3,26.948855,450019299.000000,,
BATTERY,3,26.788979,451011629.800000,,
BATTERY,3,26.787524,451014477.800000,,
BATTERY,3,26.787524,451014477.800000,,
BATTERY,3,26.787344,451014862.800000,,
BATTERY,3,26.625271,452020833.000000,,
BATTERY,3,26.623815,452023681.000000,,
BATTERY,3,26.623815,452023681.000000,,
BATTERY,3,26.623636,452024066.000000,,
BATTERY,3,26.465520,453005473.000000,,
BATTERY,3,26.464065,453008321.000000,,
BATTERY,3,26.464065,453008321.000000,,
BATTERY,3,26.463885,453008706.000000,,
BATTERY,3,26.303140,454006433.000000,,
BATTERY,3,26.301684,454009281.000000,,
BATTERY,3,26.301684,454009281.000000,,
BATTERY,3,26.301505,454009666.000000,,
BATTERY,3,26.139569,455014786.000000,,
BATTERY,3,26.138113,455017634.000000,,
BATTERY,3,26.138113,455017634.000000,,
BATTERY,3,26.137933,455018019.000000,,
BATTERY,3,25.977137,456016066.000000,,
BATTERY,3,25.975681,456018914.000000,,
BATTERY,3,25.975681,456018914.000000,,
BATTERY,3,25.975502,456019299.000000,,
BATTERY,3,25.815329,457013473.000000,,
BATTERY,3,25.813873,457016321.000000,,
BATTERY,3,25.813873,457016321.000000,,
BATTERY,3,25.813694,457016706.000000,,
BATTERY,3,25.653289,458012321.000000,,
BATTERY,3,25.651833,458015169.000000,,
BATTERY,3,25.651833,458015169.000000,,
BATTERY,3,25.651654,458015554.000000,,
BATTERY,3,25.492167,459005473.000000,,
BATTERY,3,25.490711,459008321.000000,,
BATTERY,3,25.490711,459008321.000000,,
BATTERY,3,25.490532,459008706.000000,,
BATTERY,3,25.327106,460023073.000000,,
BATTERY,3,25.325650,460025921.000000,,
BATTERY,3,25.325650,460025921.000000,,
BATTERY,3,25.325470,460026306.000000,,
BATTERY,3,25.166922,461010401.000000,,
BATTERY,3,25.165466,461013249.000000,,
BATTERY,3,25.165466,461013249.000000,,
BATTERY,3,25.165287,461013634.000000,,
BATTERY,3,25.005439,462005793.000000,,
BATTERY,3,25.003983,462008641.000000,,
BATTERY,3,25.003983,462008641.000000,,
BATTERY,3,25.003803,462009026.000000,,
BATTERY,3,24.841403,463017026.000000,,
BATTERY,3,24.839948,463019874.000000,,
BATTERY,3,24.839948,463019874.000000,,
BATTERY,3,24.839768,463020259.000000,,
BATTERY,3,24.680936,464006113.000000,,
BATTERY,3,24.679480,464008961.000000,,
BATTERY,3,24.679480,464008961.000000,,
BATTERY,3,24.679301,464009346.000000,,
BATTERY,3,24.517813,465011681.000000,,
BATTERY,3,24.516358,465014529.000000,,
BATTERY,3,24.516358,465014529.000000,,
BATTERY,3,24.516178,465014914.000000,,
BATTERY,3,24.355119,466014594.000000,,
BATTERY,3,24.353663,466017442.000000,,
BATTERY,3,24.353663,466017442.000000,,
BATTERY,3,24.353483,466017827.000000,,
BATTERY,3,24.192197,467018913.000000,,
BATTERY,3,24.190741,467021761.000000,,
BATTERY,3,24.190741,467021761.000000,,
BATTERY,3,24.190562,467022146.000000,,
BATTERY,3,24.029817,468019873.000000,,
BATTERY,3,24.028361,468022721.000000,,
BATTERY,3,24.028361,468022721.000000,,
BATTERY,3,24.028182,468023106.000000,,
BATTERY,3,23.868205,469016066.000000,,
BATTERY,3,23.866749,469018914.000000,,
BATTERY,3,23.866749,469018914.000000,,
BATTERY,3,23.866569,469019299.000000,,
BATTERY,3,23.705675,470017953.000000,,
BATTERY,3,23.704220,470020801.000000,,
BATTERY,3,23.704220,470020801.000000,,
BATTERY,3,23.704040,470021186.000000,,
BATTERY,3,23.543805,471015746.000000,,
BATTERY,3,23.542350,471018594.000000,,
BATTERY,3,23.542350,471018594.000000,,
BATTERY,3,23.542170,471018979.000000,,
BATTERY,3,23.381109,472018669.800000,,
BATTERY,3,23.379653,472021517.800000,,
BATTERY,3,23.379653,472021517.800000,,
BATTERY,3,23.379473,472021902.800000,,
BATTERY,3,23.219457,473015106.000000,,
BATTERY,3,23.218002,473017954.000000,,
BATTERY,3,23.218002,473017954.000000,,
BATTERY,3,23.217822,473018339.000000,,
BATTERY,3,23.056855,474017441.000000,,
BATTERY,3,23.055400,474020289.000000,,
BATTERY,3,23.055400,474020289.000000,,
BATTERY,3,23.055220,474020674.000000,,
BATTERY,3,22.892604,475030012.600000,,
BATTERY,3,22.891149,475032860.600000,,
BATTERY,3,22.891149,475032860.600000,,
BATTERY,3,22.890969,475033245.600000,,
BATTERY,3,22.733559,476010273.000000,,
BATTERY,3,22.732104,476013121.000000,,
BATTERY,3,22.732104,476013121.000000,,
BATTERY,3,22.731924,476013506.000000,,
BATTERY,3,22.570406,477016033.000000,,
BATTERY,3,22.568950,477018881.000000,,
BATTERY,3,22.568950,477018881.000000,,
BATTERY,3,22.568770,477019266.000000,,
BATTERY,3,22.408381,478014786.000000,,
BATTERY,3,22.406925,478017634.000000,,
BATTERY,3,22.406925,478017634.000000,,
BATTERY,3,22.406746,478018019.000000,,
BATTERY,3,22.246207,479014466.000000,,
BATTERY,3,22.244751,479017314.000000,,
BATTERY,3,22.244751,479017314.000000,,
BATTERY,3,22.244572,479017699.000000,,
BATTERY,3,22.084966,480008353.000000,,
BATTERY,3,22.083511,480011201.000000,,
BATTERY,3,22.083511,480011201.000000,,
BATTERY,3,22.083331,480011586.000000,,
BATTERY,3,21.919934,481025775.800000,,
BATTERY,3,21.918478,481028623.800000,,
BATTERY,3,21.918478,481028623.800000,,
BATTERY,3,21.918298,481029008.800000,,
BATTERY,3,21.760825,482006433.000000,,
BATTERY,3,21.759369,482009281.000000,,
BATTERY,3,21.759369,482009281.000000,,
BATTERY,3,21.759189,482009666.000000,,
BATTERY,3,21.598908,483004513.000000,,
BATTERY,3,21.597453,483007361.000000,,
BATTERY,3,21.597453,483007361.000000,,
BATTERY,3,21.597273,483007746.000000,,
BATTERY,3,21.436528,484005473.000000,,
BATTERY,3,21.435072,484008321.000000,,
BATTERY,3,21.435072,484008321.000000,,
BATTERY,3,21.434893,484008706.000000,,
BATTERY,3,21.273890,485008033.000000,,
BATTERY,3,21.272434,485010881.000000,,
BATTERY,3,21.272434,485010881.000000,,
BATTERY,3,21.272255,485011266.000000,,
BATTERY,3,21.111922,486006433.000000,,
BATTERY,3,21.110467,486009281.000000,,
BATTERY,3,21.110467,486009281.000000,,
BATTERY,3,21.110287,486009666.000000,,
BATTERY,3,20.948073,487016514.000000,,
BATTERY,3,20.946617,487019362.000000,,
BATTERY,3,20.946617,487019362.000000,,
BATTERY,3,20.946437,487019747.000000,,
BATTERY,3,20.787162,488008353.000000,,
BATTERY,3,20.785706,488011201.000000,,
BATTERY,3,20.785706,488011201.000000,,
BATTERY,3,20.785527,488011586.000000,,
BATTERY,3,20.623480,489017389.800000,,
BATTERY,3,20.622025,489020237.800000,,
BATTERY,3,20.622025,489020237.800000,,
BATTERY,3,20.621845,489020622.800000,,
BATTERY,3,20.460525,490021921.000000,,
BATTERY,3,20.459069,490024769.000000,,
BATTERY,3,20.459069,490024769.000000,,
BATTERY,3,20.458890,490025154.000000,,
BATTERY,3,20.299449,491014786.000000,,
BATTERY,3,20.297993,491017634.000000,,
BATTERY,3,20.297993,491017634.000000,,
BATTERY,3,20.297814,491018019.000000,,
BATTERY,3,20.137950,492010273.000000,,
BATTERY,3,20.136495,492013121.000000,,
BATTERY,3,20.136495,492013121.000000,,
BATTERY,3,20.136315,492013506.000000,,
BATTERY,3,19.976601,493004833.000000,,
BATTERY,3,19.975146,493007681.000000,,
BATTERY,3,19.975146,493007681.000000,,
BATTERY,3,19.974966,493008066.000000,,
BATTERY,3,19.812442,494016834.000000,,
BATTERY,3,19.810987,494019682.000000,,
BATTERY,3,19.810987,494019682.000000,,
BATTERY,3,19.810807,494020067.000000,,
BATTERY,3,19.651789,495007073.000000,,
BATTERY,3,19.650334,495009921.000000,,
BATTERY,3,19.650334,495009921.000000,,
BATTERY,3,19.650154,495010306.000000,,
BATTERY,3,19.489615,496006753.000000,,
BATTERY,3,19.488160,496009601.000000,,
BATTERY,3,19.488160,496009601.000000,,
BATTERY,3,19.487980,496009986.000000,,
BATTERY,3,19.325534,497018273.000000,,
BATTERY,3,19.324078,497021121.000000,,
BATTERY,3,19.324078,497021121.000000,,
BATTERY,3,19.323898,497021506.000000,,
BATTERY,3,19.164494,498010913.000000,,
BATTERY,3,19.163038,498013761.000000,,
BATTERY,3,19.163038,498013761.000000,,
BATTERY,3,19.162859,498014146.000000,,
BATTERY,3,19.000237,499023521.000000,,
BATTERY,3,18.998781,499026369.000000,,
BATTERY,3,18.998781,499026369.000000,,
BATTERY,3,18.998602,499026754.000000,,
BATTERY,3,18.998492,499027437.800000,,
