BATTERY,7,99.999299,4353.000000,,
BATTERY,7,99.999299,4353.000000,,
BATTERY,7,99.994106,36585.000000,,
BATTERY,7,99.994106,36585.000000,,
BATTERY,7,99.993518,40235.000000,,
BATTERY,7,99.993518,40235.000000,,
BATTERY,7,99.993208,42155.000000,,
BATTERY,7,99.993208,42155.000000,,
BATTERY,7,99.992914,43980.000000,,
BATTERY,7,99.992914,43980.000000,,
BATTERY,7,99.992548,46253.000000,,
BATTERY,7,99.992548,46253.000000,,
BATTERY,7,99.992203,48398.000000,,
BATTERY,7,99.992203,48398.000000,,
BATTERY,7,99.991857,50543.000000,,
BATTERY,7,99.991857,50543.000000,,
BATTERY,7,99.991785,50992.000000,,
BATTERY,7,99.991008,52657.000000,,
BATTERY,7,99.990977,52848.000000,,
BATTERY,7,99.990879,53040.000000,,
BATTERY,7,99.990472,55566.000000,,
BATTERY,7,99.990472,55566.000000,,
BATTERY,7,99.990105,57841.000000,,
BATTERY,7,99.990105,57841.000000,,
BATTERY,7,99.989775,59889.000000,,
BATTERY,7,99.989775,59889.000000,,
BATTERY,7,99.989461,61842.000000,,
BATTERY,7,99.989461,61842.000000,,
BATTERY,7,99.988409,68371.000000,,
BATTERY,7,99.987557,70196.000000,,
BATTERY,7,99.986985,73748.000000,,
BATTERY,7,99.986985,73748.000000,,
BATTERY,7,99.986565,76353.800000,,
BATTERY,7,99.984913,79585.800000,,
BATTERY,7,99.984638,81294.600000,,
BATTERY,7,99.982986,84526.600000,,
BATTERY,7,99.982986,84526.600000,,
BATTERY,7,99.982806,84911.600000,,
BATTERY,7,99.909518,539806.000000,,
BATTERY,7,99.909518,539806.000000,,
BATTERY,7,99.908775,544416.000000,,
BATTERY,7,99.908775,544416.000000,,
BATTERY,7,99.908275,547521.000000,,
BATTERY,7,99.908275,547521.000000,,
BATTERY,7,99.907908,549794.000000,,
BATTERY,7,99.907908,549794.000000,,
BATTERY,7,99.907614,551619.000000,,
BATTERY,7,99.907614,551619.000000,,
BATTERY,7,99.907594,551748.000000,,
BATTERY,7,99.906742,553573.000000,,
BATTERY,7,99.906242,556677.000000,,
BATTERY,7,99.906242,556677.000000,,
BATTERY,7,99.905824,559270.000000,,
BATTERY,7,99.905824,559270.000000,,
BATTERY,7,99.831615,1019877.000000,,
BATTERY,7,99.829963,1023109.000000,,
BATTERY,7,99.829963,1023109.000000,,
BATTERY,7,99.829784,1023494.000000,,
BATTERY,7,99.825080,1052690.000000,,
BATTERY,7,99.825080,1052690.000000,,
BATTERY,7,99.823111,1064911.000000,,
BATTERY,7,99.823111,1064911.000000,,
BATTERY,7,99.815944,1109397.000000,,
BATTERY,7,99.815944,1109397.000000,,
BATTERY,7,99.811676,1135884.000000,,
BATTERY,7,99.811676,1135884.000000,,
BATTERY,7,99.746755,1538847.000000,,
BATTERY,7,99.746755,1538847.000000,,
BATTERY,7,99.746461,1540672.000000,,
BATTERY,7,99.746461,1540672.000000,,
BATTERY,7,99.746203,1542273.000000,,
BATTERY,7,99.745434,1543777.000000,,
BATTERY,7,99.745140,1545602.000000,,
BATTERY,7,99.745140,1545602.000000,,
BATTERY,7,99.745104,1545826.000000,,
BATTERY,7,99.744252,1547651.000000,,
BATTERY,7,99.743938,1549603.000000,,
BATTERY,7,99.743938,1549603.000000,,
BATTERY,7,99.743783,1550564.000000,,
BATTERY,7,99.742949,1552196.000000,,
BATTERY,7,99.742634,1554149.000000,,
BATTERY,7,99.742634,1554149.000000,,
BATTERY,7,99.729311,1636844.000000,,
BATTERY,7,99.729311,1636844.000000,,
BATTERY,7,99.668106,2016737.000000,,
BATTERY,7,99.666454,2019969.000000,,
BATTERY,7,99.666454,2019969.000000,,
BATTERY,7,99.666274,2020354.000000,,
BATTERY,7,99.567157,2635564.000000,,
BATTERY,7,99.567157,2635564.000000,,
BATTERY,7,99.566498,2639655.000000,,
BATTERY,7,99.566498,2639655.000000,,
BATTERY,7,99.566135,2641910.000000,,
BATTERY,7,99.566135,2641910.000000,,
BATTERY,7,99.565903,2643348.000000,,
BATTERY,7,99.565111,2645045.000000,,
BATTERY,7,99.564714,2647507.000000,,
BATTERY,7,99.564714,2647507.000000,,
BATTERY,7,99.564060,2651572.000000,,
BATTERY,7,99.564060,2651572.000000,,
BATTERY,7,99.505640,3014177.000000,,
BATTERY,7,99.503988,3017409.000000,,
BATTERY,7,99.503988,3017409.000000,,
BATTERY,7,99.503808,3017794.000000,,
BATTERY,7,99.343795,4010977.000000,,
BATTERY,7,99.342144,4014209.000000,,
BATTERY,7,99.342144,4014209.000000,,
BATTERY,7,99.341964,4014594.000000,,
BATTERY,7,99.241661,4637164.000000,,
BATTERY,7,99.241661,4637164.000000,,
BATTERY,7,99.240582,4643863.000000,,
BATTERY,7,99.240582,4643863.000000,,
BATTERY,7,99.240236,4646008.000000,,
BATTERY,7,99.240236,4646008.000000,,
BATTERY,7,99.239968,4647671.000000,,
BATTERY,7,99.239968,4647671.000000,,
BATTERY,7,99.239493,4650618.000000,,
BATTERY,7,99.239493,4650618.000000,,
BATTERY,7,99.239134,4652847.000000,,
BATTERY,7,99.239134,4652847.000000,,
BATTERY,7,99.238907,4654256.000000,,
BATTERY,7,99.238115,4655953.000000,,
BATTERY,7,99.233913,4682038.000000,,
BATTERY,7,99.233913,4682038.000000,,
BATTERY,7,99.229245,4711013.000000,,
BATTERY,7,99.229245,4711013.000000,,
BATTERY,7,99.228123,4717975.000000,,
BATTERY,7,99.228123,4717975.000000,,
BATTERY,7,99.227777,4720120.000000,,
BATTERY,7,99.227777,4720120.000000,,
BATTERY,7,99.227468,4722040.000000,,
BATTERY,7,99.227468,4722040.000000,,
BATTERY,7,99.227344,4722809.000000,,
BATTERY,7,99.226552,4724506.000000,,
BATTERY,7,99.181017,5007137.000000,,
BATTERY,7,99.179365,5010369.000000,,
BATTERY,7,99.179365,5010369.000000,,
BATTERY,7,99.179186,5010754.000000,,
BATTERY,7,99.146715,5212293.000000,,
BATTERY,7,99.146715,5212293.000000,,
BATTERY,7,99.146296,5214894.000000,,
BATTERY,7,99.146296,5214894.000000,,
BATTERY,7,99.145663,5218828.000000,,
BATTERY,7,99.144871,5220525.000000,,
BATTERY,7,99.144577,5222349.000000,,
BATTERY,7,99.144577,5222349.000000,,
BATTERY,7,99.144267,5224269.000000,,
BATTERY,7,99.144267,5224269.000000,,
BATTERY,7,99.143917,5226444.000000,,
BATTERY,7,99.143917,5226444.000000,,
BATTERY,7,99.142004,5238317.000000,,
BATTERY,7,99.142004,5238317.000000,,
BATTERY,7,99.016829,6015265.000000,,
BATTERY,7,99.015177,6018497.000000,,
BATTERY,7,99.015177,6018497.000000,,
BATTERY,7,99.014998,6018882.000000,,
BATTERY,7,98.854603,7014433.000000,,
BATTERY,7,98.852951,7017665.000000,,
BATTERY,7,98.852951,7017665.000000,,
BATTERY,7,98.852772,7018050.000000,,
BATTERY,7,98.693677,8005537.000000,,
BATTERY,7,98.692025,8008769.000000,,
BATTERY,7,98.692025,8008769.000000,,
BATTERY,7,98.691845,8009154.000000,,
BATTERY,7,98.530956,9007777.000000,,
BATTERY,7,98.529304,9011009.000000,,
BATTERY,7,98.529304,9011009.000000,,
BATTERY,7,98.529124,9011394.000000,,
BATTERY,7,98.485169,9284220.000000,,
BATTERY,7,98.485169,9284220.000000,,
BATTERY,7,98.474496,9350465.000000,,
BATTERY,7,98.473466,9352481.000000,,
BATTERY,7,98.473466,9352481.000000,,
BATTERY,7,98.473286,9352866.000000,,
BATTERY,7,98.473162,9353634.000000,,
BATTERY,7,98.472430,9355203.000000,,
BATTERY,7,98.467963,9382929.000000,,
BATTERY,7,98.467231,9384498.000000,,
BATTERY,7,98.386722,9884209.000000,,
BATTERY,7,98.385990,9885778.000000,,
BATTERY,7,98.366035,10009633.000000,,
BATTERY,7,98.364580,10012481.000000,,
BATTERY,7,98.364580,10012481.000000,,
BATTERY,7,98.364400,10012866.000000,,
BATTERY,7,98.309854,10351425.000000,,
BATTERY,7,98.308824,10353441.000000,,
BATTERY,7,98.308824,10353441.000000,,
BATTERY,7,98.308644,10353826.000000,,
BATTERY,7,98.223091,10884849.000000,,
BATTERY,7,98.222358,10886418.000000,,
BATTERY,7,98.221944,10888991.000000,,
BATTERY,7,98.221944,10888991.000000,,
BATTERY,7,98.221392,10892416.000000,,
BATTERY,7,98.221392,10892416.000000,,
BATTERY,7,98.221098,10894241.000000,,
BATTERY,7,98.221098,10894241.000000,,
BATTERY,7,98.220979,10894977.000000,,
BATTERY,7,98.220292,10896321.000000,,
BATTERY,7,98.220292,10896321.000000,,
BATTERY,7,98.220113,10896706.000000,,
BATTERY,7,98.219609,10899836.000000,,
BATTERY,7,98.219609,10899836.000000,,
BATTERY,7,98.219485,10900605.000000,,
BATTERY,7,98.218454,10902814.000000,,
BATTERY,7,98.217969,10905822.000000,,
BATTERY,7,98.216938,10908031.000000,,
BATTERY,7,98.216908,10908222.000000,,
BATTERY,7,98.216809,10908414.000000,,
BATTERY,7,98.216500,10910335.000000,,
BATTERY,7,98.215535,10912223.000000,,
BATTERY,7,98.215535,10912223.000000,,
BATTERY,7,98.215355,10912608.000000,,
BATTERY,7,98.215231,10913376.000000,,
BATTERY,7,98.214201,10915585.000000,,
BATTERY,7,98.214170,10915776.000000,,
BATTERY,7,98.214072,10915968.000000,,
BATTERY,7,98.213742,10918017.000000,,
BATTERY,7,98.212770,10920098.000000,,
BATTERY,7,98.212203,10923618.000000,,
BATTERY,7,98.210257,10927426.000000,,
BATTERY,7,98.210257,10927426.000000,,
BATTERY,7,98.210077,10927811.000000,,
BATTERY,7,98.209902,10928899.000000,,
BATTERY,7,98.208931,10930980.000000,,
BATTERY,7,98.208900,10931171.000000,,
BATTERY,7,98.208802,10931363.000000,,
BATTERY,7,98.208781,10931492.000000,,
BATTERY,7,98.207810,10933573.000000,,
BATTERY,7,98.207779,10933764.000000,,
BATTERY,7,98.207681,10933956.000000,,
BATTERY,7,98.207423,10935557.000000,,
BATTERY,7,98.206458,10937445.000000,,
BATTERY,7,98.206458,10937445.000000,,
BATTERY,7,98.206279,10937830.000000,,
BATTERY,7,98.206000,10939558.000000,,
BATTERY,7,98.204208,10943399.000000,,
BATTERY,7,98.204177,10943590.000000,,
BATTERY,7,98.204079,10943782.000000,,
BATTERY,7,98.203872,10945063.000000,,
BATTERY,7,98.202908,10946951.000000,,
BATTERY,7,98.202908,10946951.000000,,
BATTERY,7,98.202728,10947336.000000,,
BATTERY,7,98.191448,11017346.000000,,
BATTERY,7,98.189993,11020194.000000,,
BATTERY,7,98.189993,11020194.000000,,
BATTERY,7,98.189813,11020579.000000,,
BATTERY,7,98.030878,12007073.000000,,
BATTERY,7,98.029422,12009921.000000,,
BATTERY,7,98.029422,12009921.000000,,
BATTERY,7,98.029243,12010306.000000,,
BATTERY,7,97.867358,13015106.000000,,
BATTERY,7,97.865903,13017954.000000,,
BATTERY,7,97.865903,13017954.000000,,
BATTERY,7,97.865723,13018339.000000,,
BATTERY,7,97.704610,14018349.800000,,
BATTERY,7,97.703154,14021197.800000,,
BATTERY,7,97.703154,14021197.800000,,
BATTERY,7,97.702975,14021582.800000,,
BATTERY,7,97.542887,15015234.000000,,
BATTERY,7,97.541431,15018082.000000,,
BATTERY,7,97.541431,15018082.000000,,
BATTERY,7,97.541251,15018467.000000,,
BATTERY,7,97.380630,16015426.000000,,
BATTERY,7,97.379174,16018274.000000,,
BATTERY,7,97.379174,16018274.000000,,
BATTERY,7,97.378995,16018659.000000,,
BATTERY,7,97.219905,17006113.000000,,
BATTERY,7,97.218449,17008961.000000,,
BATTERY,7,97.218449,17008961.000000,,
BATTERY,7,97.218270,17009346.000000,,
BATTERY,7,97.056009,18016481.000000,,
BATTERY,7,97.054553,18019329.000000,,
BATTERY,7,97.054553,18019329.000000,,
BATTERY,7,97.054374,18019714.000000,,
BATTERY,7,96.893689,19017069.800000,,
BATTERY,7,96.892233,19019917.800000,,
BATTERY,7,96.892233,19019917.800000,,
BATTERY,7,96.892053,19020302.800000,,
BATTERY,7,96.731597,20016237.800000,,
BATTERY,7,96.730141,20019085.800000,,
BATTERY,7,96.730141,20019085.800000,,
BATTERY,7,96.729962,20019470.800000,,
BATTERY,7,96.570209,21011041.000000,,
BATTERY,7,96.568753,21013889.000000,,
BATTERY,7,96.568753,21013889.000000,,
BATTERY,7,96.568573,21014274.000000,,
BATTERY,7,96.407094,22016557.800000,,
BATTERY,7,96.405639,22019405.800000,,
BATTERY,7,96.405639,22019405.800000,,
BATTERY,7,96.405459,22019790.800000,,
BATTERY,7,96.246088,23008993.000000,,
BATTERY,7,96.244632,23011841.000000,,
BATTERY,7,96.244632,23011841.000000,,
BATTERY,7,96.244452,23012226.000000,,
BATTERY,7,96.084481,24005153.000000,,
BATTERY,7,96.083025,24008001.000000,,
BATTERY,7,96.083025,24008001.000000,,
BATTERY,7,96.082845,24008386.000000,,
BATTERY,7,95.922049,25006433.000000,,
BATTERY,7,95.920593,25009281.000000,,
BATTERY,7,95.920593,25009281.000000,,
BATTERY,7,95.920414,25009666.000000,,
BATTERY,7,95.759978,26005473.000000,,
BATTERY,7,95.758522,26008321.000000,,
BATTERY,7,95.758522,26008321.000000,,
BATTERY,7,95.758343,26008706.000000,,
BATTERY,7,95.596149,27015426.000000,,
BATTERY,7,95.594693,27018274.000000,,
BATTERY,7,95.594693,27018274.000000,,
BATTERY,7,95.594514,27018659.000000,,
BATTERY,7,95.432722,28022881.000000,,
BATTERY,7,95.431267,28025729.000000,,
BATTERY,7,95.431267,28025729.000000,,
BATTERY,7,95.431087,28026114.000000,,
BATTERY,7,95.273405,29004833.000000,,
BATTERY,7,95.271949,29007681.000000,,
BATTERY,7,95.271949,29007681.000000,,
BATTERY,7,95.271769,29008066.000000,,
BATTERY,7,95.111179,30004833.000000,,
BATTERY,7,95.109723,30007681.000000,,
BATTERY,7,95.109723,30007681.000000,,
BATTERY,7,95.109544,30008066.000000,,
BATTERY,7,94.948438,31008033.000000,,
BATTERY,7,94.946982,31010881.000000,,
BATTERY,7,94.946982,31010881.000000,,
BATTERY,7,94.946803,31011266.000000,,
BATTERY,7,94.786326,32007329.000000,,
BATTERY,7,94.784870,32010177.000000,,
BATTERY,7,94.784870,32010177.000000,,
BATTERY,7,94.784690,32010562.000000,,
BATTERY,7,94.782186,32026106.600000,,
BATTERY,7,94.780730,32028954.600000,,
BATTERY,7,94.780730,32028954.600000,,
BATTERY,7,94.780551,32029339.600000,,
BATTERY,7,94.621784,33014786.000000,,
BATTERY,7,94.620329,33017634.000000,,
BATTERY,7,94.620329,33017634.000000,,
BATTERY,7,94.620149,33018019.000000,,
BATTERY,7,94.459242,34016749.800000,,
BATTERY,7,94.457787,34019597.800000,,
BATTERY,7,94.457787,34019597.800000,,
BATTERY,7,94.457607,34019982.800000,,
BATTERY,7,94.297488,35013826.000000,,
BATTERY,7,94.296032,35016674.000000,,
BATTERY,7,94.296032,35016674.000000,,
BATTERY,7,94.295853,35017059.000000,,
BATTERY,7,94.134680,36017441.000000,,
BATTERY,7,94.133224,36020289.000000,,
BATTERY,7,94.133224,36020289.000000,,
BATTERY,7,94.133045,36020674.000000,,
BATTERY,7,93.972970,37014241.000000,,
BATTERY,7,93.971514,37017089.000000,,
BATTERY,7,93.971514,37017089.000000,,
BATTERY,7,93.971335,37017474.000000,,
BATTERY,7,93.809816,38020001.000000,,
BATTERY,7,93.808361,38022849.000000,,
BATTERY,7,93.808361,38022849.000000,,
BATTERY,7,93.808181,38023234.000000,,
BATTERY,7,93.646380,39027514.600000,,
BATTERY,7,93.644925,39030362.600000,,
BATTERY,7,93.644925,39030362.600000,,
BATTERY,7,93.644745,39030747.600000,,
BATTERY,7,93.485869,40016877.800000,,
BATTERY,7,93.484413,40019725.800000,,
BATTERY,7,93.484413,40019725.800000,,
BATTERY,7,93.484233,40020110.800000,,
BATTERY,7,93.323862,41015521.000000,,
BATTERY,7,93.322406,41018369.000000,,
BATTERY,7,93.322406,41018369.000000,,
BATTERY,7,93.322226,41018754.000000,,
BATTERY,7,93.163255,42005473.000000,,
BATTERY,7,93.161799,42008321.000000,,
BATTERY,7,93.161799,42008321.000000,,
BATTERY,7,93.161620,42008706.000000,,
BATTERY,7,93.000462,43008993.000000,,
BATTERY,7,92.999007,43011841.000000,,
BATTERY,7,92.999007,43011841.000000,,
BATTERY,7,92.998827,43012226.000000,,
BATTERY,7,92.836979,44016801.000000,,
BATTERY,7,92.835523,44019649.000000,,
BATTERY,7,92.835523,44019649.000000,,
BATTERY,7,92.835343,44020034.000000,,
BATTERY,7,92.675186,45014113.000000,,
BATTERY,7,92.673731,45016961.000000,,
BATTERY,7,92.673731,45016961.000000,,
BATTERY,7,92.673551,45017346.000000,,
BATTERY,7,92.511723,46021793.000000,,
BATTERY,7,92.510268,46024641.000000,,
BATTERY,7,92.510268,46024641.000000,,
BATTERY,7,92.510088,46025026.000000,,
BATTERY,7,92.351148,47011553.000000,,
BATTERY,7,92.349692,47014401.000000,,
BATTERY,7,92.349692,47014401.000000,,
BATTERY,7,92.349512,47014786.000000,,
BATTERY,7,92.188246,48015746.000000,,
BATTERY,7,92.186791,48018594.000000,,
BATTERY,7,92.186791,48018594.000000,,
BATTERY,7,92.186611,48018979.000000,,
BATTERY,7,92.025756,49017389.800000,,
BATTERY,7,92.024300,49020237.800000,,
BATTERY,7,92.024300,49020237.800000,,
BATTERY,7,92.024121,49020622.800000,,
BATTERY,7,91.863543,50017313.000000,,
BATTERY,7,91.862087,50020161.000000,,
BATTERY,7,91.862087,50020161.000000,,
BATTERY,7,91.861908,50020546.000000,,
BATTERY,7,91.702225,51011681.000000,,
BATTERY,7,91.700769,51014529.000000,,
BATTERY,7,91.700769,51014529.000000,,
BATTERY,7,91.700589,51014914.000000,,
BATTERY,7,91.539086,52017346.000000,,
BATTERY,7,91.537631,52020194.000000,,
BATTERY,7,91.537631,52020194.000000,,
BATTERY,7,91.537451,52020579.000000,,
BATTERY,7,91.375578,53025307.600000,,
BATTERY,7,91.374123,53028155.600000,,
BATTERY,7,91.374123,53028155.600000,,
BATTERY,7,91.373943,53028540.600000,,
BATTERY,7,91.216600,54005153.000000,,
BATTERY,7,91.215144,54008001.000000,,
BATTERY,7,91.215144,54008001.000000,,
BATTERY,7,91.214964,54008386.000000,,
BATTERY,7,91.053498,55010593.000000,,
BATTERY,7,91.052042,55013441.000000,,
BATTERY,7,91.052042,55013441.000000,,
BATTERY,7,91.051862,55013826.000000,,
BATTERY,7,90.890184,56017346.000000,,
BATTERY,7,90.888729,56020194.000000,,
BATTERY,7,90.888729,56020194.000000,,
BATTERY,7,90.888549,56020579.000000,,
BATTERY,7,90.727809,57018273.000000,,
BATTERY,7,90.726354,57021121.000000,,
BATTERY,7,90.726354,57021121.000000,,
BATTERY,7,90.726174,57021506.000000,,
BATTERY,7,90.565867,58016514.000000,,
BATTERY,7,90.564412,58019362.000000,,
BATTERY,7,90.564412,58019362.000000,,
BATTERY,7,90.564232,58019747.000000,,
BATTERY,7,90.403480,59017517.800000,,
BATTERY,7,90.402024,59020365.800000,,
BATTERY,7,90.402024,59020365.800000,,
BATTERY,7,90.401845,59020750.800000,,
BATTERY,7,90.241179,60017986.000000,,
BATTERY,7,90.239723,60020834.000000,,
BATTERY,7,90.239723,60020834.000000,,
BATTERY,7,90.239544,60021219.000000,,
BATTERY,7,90.080021,61011361.000000,,
BATTERY,7,90.078565,61014209.000000,,
BATTERY,7,90.078565,61014209.000000,,
BATTERY,7,90.078385,61014594.000000,,
BATTERY,7,89.916682,62018273.000000,,
BATTERY,7,89.915226,62021121.000000,,
BATTERY,7,89.915226,62021121.000000,,
BATTERY,7,89.915046,62021506.000000,,
BATTERY,7,89.754662,63016993.000000,,
BATTERY,7,89.753207,63019841.000000,,
BATTERY,7,89.753207,63019841.000000,,
BATTERY,7,89.753027,63020226.000000,,
BATTERY,7,89.594190,64006113.000000,,
BATTERY,7,89.592734,64008961.000000,,
BATTERY,7,89.592734,64008961.000000,,
BATTERY,7,89.592554,64009346.000000,,
BATTERY,7,89.430405,65015789.800000,,
BATTERY,7,89.428949,65018637.800000,,
BATTERY,7,89.428949,65018637.800000,,
BATTERY,7,89.428770,65019022.800000,,
BATTERY,7,89.269687,66006433.000000,,
BATTERY,7,89.268231,66009281.000000,,
BATTERY,7,89.268231,66009281.000000,,
BATTERY,7,89.268052,66009666.000000,,
BATTERY,7,89.106263,67013869.800000,,
BATTERY,7,89.104808,67016717.800000,,
BATTERY,7,89.104808,67016717.800000,,
BATTERY,7,89.104628,67017102.800000,,
BATTERY,7,89.104576,67017422.800000,,
BATTERY,7,89.103121,67020270.800000,,
BATTERY,7,89.103121,67020270.800000,,
BATTERY,7,89.102941,67020655.800000,,
BATTERY,7,88.944328,68005153.000000,,
BATTERY,7,88.942872,68008001.000000,,
BATTERY,7,88.942872,68008001.000000,,
BATTERY,7,88.942692,68008386.000000,,
BATTERY,7,88.778035,69030394.600000,,
BATTERY,7,88.776580,69033242.600000,,
BATTERY,7,88.776580,69033242.600000,,
BATTERY,7,88.776400,69033627.600000,,
BATTERY,7,88.617912,70017346.000000,,
BATTERY,7,88.616456,70020194.000000,,
BATTERY,7,88.616456,70020194.000000,,
BATTERY,7,88.616277,70020579.000000,,
BATTERY,7,88.455718,71017154.000000,,
BATTERY,7,88.454262,71020002.000000,,
BATTERY,7,88.454262,71020002.000000,,
BATTERY,7,88.454082,71020387.000000,,
BATTERY,7,88.292033,72026209.000000,,
BATTERY,7,88.290577,72029057.000000,,
BATTERY,7,88.290577,72029057.000000,,
BATTERY,7,88.290398,72029442.000000,,
BATTERY,7,88.131963,73012833.000000,,
BATTERY,7,88.130507,73015681.000000,,
BATTERY,7,88.130507,73015681.000000,,
BATTERY,7,88.130327,73016066.000000,,
BATTERY,7,87.969531,74014113.000000,,
BATTERY,7,87.968075,74016961.000000,,
BATTERY,7,87.968075,74016961.000000,,
BATTERY,7,87.967895,74017346.000000,,
BATTERY,7,87.807344,75013869.800000,,
BATTERY,7,87.805889,75016717.800000,,
BATTERY,7,87.805889,75016717.800000,,
BATTERY,7,87.805709,75017102.800000,,
BATTERY,7,87.805606,75017742.800000,,
BATTERY,7,87.804150,75020590.800000,,
BATTERY,7,87.804150,75020590.800000,,
BATTERY,7,87.803971,75020975.800000,,
BATTERY,7,87.643651,76016066.000000,,
BATTERY,7,87.642195,76018914.000000,,
BATTERY,7,87.642195,76018914.000000,,
BATTERY,7,87.642015,76019299.000000,,
BATTERY,7,87.482255,77010913.000000,,
BATTERY,7,87.480800,77013761.000000,,
BATTERY,7,87.480800,77013761.000000,,
BATTERY,7,87.480620,77014146.000000,,
BATTERY,7,87.319282,78015554.000000,,
BATTERY,7,87.317826,78018402.000000,,
BATTERY,7,87.317826,78018402.000000,,
BATTERY,7,87.317647,78018787.000000,,
BATTERY,7,87.157026,79015746.000000,,
BATTERY,7,87.155570,79018594.000000,,
BATTERY,7,87.155570,79018594.000000,,
BATTERY,7,87.155390,79018979.000000,,
BATTERY,7,86.994599,80016993.000000,,
BATTERY,7,86.993143,80019841.000000,,
BATTERY,7,86.993143,80019841.000000,,
BATTERY,7,86.992964,80020226.000000,,
BATTERY,7,86.671463,82015746.000000,,
BATTERY,7,86.670008,82018594.000000,,
BATTERY,7,86.670008,82018594.000000,,
BATTERY,7,86.669828,82018979.000000,,
BATTERY,7,86.509192,83016033.000000,,
BATTERY,7,86.507736,83018881.000000,,
BATTERY,7,86.507736,83018881.000000,,
BATTERY,7,86.507556,83019266.000000,,
BATTERY,7,86.346682,84017794.000000,,
BATTERY,7,86.345227,84020642.000000,,
BATTERY,7,86.345227,84020642.000000,,
BATTERY,7,86.345047,84021027.000000,,
BATTERY,7,86.184766,85015874.000000,,
BATTERY,7,86.183310,85018722.000000,,
BATTERY,7,86.183310,85018722.000000,,
BATTERY,7,86.183131,85019107.000000,,
BATTERY,7,86.024010,86006753.000000,,
BATTERY,7,86.022554,86009601.000000,,
BATTERY,7,86.022554,86009601.000000,,
BATTERY,7,86.022375,86009986.000000,,
BATTERY,7,85.860999,87011629.800000,,
BATTERY,7,85.859543,87014477.800000,,
BATTERY,7,85.859543,87014477.800000,,
BATTERY,7,85.859363,87014862.800000,,
BATTERY,7,85.699610,88006433.000000,,
BATTERY,7,85.698155,88009281.000000,,
BATTERY,7,85.698155,88009281.000000,,
BATTERY,7,85.697975,88009666.000000,,
BATTERY,7,85.535220,89019873.000000,,
BATTERY,7,85.533764,89022721.000000,,
BATTERY,7,85.533764,89022721.000000,,
BATTERY,7,85.533584,89023106.000000,,
BATTERY,7,85.374314,90011681.000000,,
BATTERY,7,85.372858,90014529.000000,,
BATTERY,7,85.372858,90014529.000000,,
BATTERY,7,85.372679,90014914.000000,,
BATTERY,7,85.212934,91006433.000000,,
BATTERY,7,85.211478,91009281.000000,,
BATTERY,7,85.211478,91009281.000000,,
BATTERY,7,85.211298,91009666.000000,,
BATTERY,7,85.047976,92023393.000000,,
BATTERY,7,85.046520,92026241.000000,,
BATTERY,7,85.046520,92026241.000000,,
BATTERY,7,85.046340,92026626.000000,,
BATTERY,7,84.886451,93019041.000000,,
BATTERY,7,84.884996,93021889.000000,,
BATTERY,7,84.884996,93021889.000000,,
BATTERY,7,84.884816,93022274.000000,,
BATTERY,7,84.725742,94009633.000000,,
BATTERY,7,84.724286,94012481.000000,,
BATTERY,7,84.724286,94012481.000000,,
BATTERY,7,84.724106,94012866.000000,,
BATTERY,7,84.561433,95022561.000000,,
BATTERY,7,84.559978,95025409.000000,,
BATTERY,7,84.559978,95025409.000000,,
BATTERY,7,84.559798,95025794.000000,,
BATTERY,7,84.399898,96018273.000000,,
BATTERY,7,84.398443,96021121.000000,,
BATTERY,7,84.398443,96021121.000000,,
BATTERY,7,84.398263,96021506.000000,,
BATTERY,7,84.238279,97014509.800000,,
BATTERY,7,84.236824,97017357.800000,,
BATTERY,7,84.236824,97017357.800000,,
BATTERY,7,84.236644,97017742.800000,,
BATTERY,7,84.076215,98013506.000000,,
BATTERY,7,84.074760,98016354.000000,,
BATTERY,7,84.074760,98016354.000000,,
BATTERY,7,84.074580,98016739.000000,,
BATTERY,7,83.913144,99018754.000000,,
BATTERY,7,83.911689,99021602.000000,,
BATTERY,7,83.911689,99021602.000000,,
BATTERY,7,83.911509,99021987.000000,,
BATTERY,7,83.752801,100007073.000000,,
BATTERY,7,83.751345,100009921.000000,,
BATTERY,7,83.751345,100009921.000000,,
BATTERY,7,83.751165,100010306.000000,,
BATTERY,7,83.589325,101014829.800000,,
BATTERY,7,83.587870,101017677.800000,,
BATTERY,7,83.587870,101017677.800000,,
BATTERY,7,83.587690,101018062.800000,,
BATTERY,7,83.587535,101019022.800000,,
BATTERY,7,83.586080,101021870.800000,,
BATTERY,7,83.586080,101021870.800000,,
BATTERY,7,83.585900,101022255.800000,,
BATTERY,7,83.425265,102019299.000000,,
BATTERY,7,83.423810,102022147.000000,,
BATTERY,7,83.423810,102022147.000000,,
BATTERY,7,83.423630,102022532.000000,,
BATTERY,7,83.264113,103012641.000000,,
BATTERY,7,83.262657,103015489.000000,,
BATTERY,7,83.262657,103015489.000000,,
BATTERY,7,83.262477,103015874.000000,,
BATTERY,7,83.101650,104014113.000000,,
BATTERY,7,83.100194,104016961.000000,,
BATTERY,7,83.100194,104016961.000000,,
BATTERY,7,83.100015,104017346.000000,,
BATTERY,7,82.940610,105006753.000000,,
BATTERY,7,82.939154,105009601.000000,,
BATTERY,7,82.939154,105009601.000000,,
BATTERY,7,82.938975,105009986.000000,,
BATTERY,7,82.775279,106026029.800000,,
BATTERY,7,82.773823,106028877.800000,,
BATTERY,7,82.773823,106028877.800000,,
BATTERY,7,82.773644,106029262.800000,,
BATTERY,7,82.615476,107010989.800000,,
BATTERY,7,82.614021,107013837.800000,,
BATTERY,7,82.614021,107013837.800000,,
BATTERY,7,82.613841,107014222.800000,,
BATTERY,7,82.454191,108005153.000000,,
BATTERY,7,82.452736,108008001.000000,,
BATTERY,7,82.452736,108008001.000000,,
BATTERY,7,82.452556,108008386.000000,,
BATTERY,7,82.292017,109004833.000000,,
BATTERY,7,82.290562,109007681.000000,,
BATTERY,7,82.290562,109007681.000000,,
BATTERY,7,82.290382,109008066.000000,,
BATTERY,7,82.127142,110021281.000000,,
BATTERY,7,82.125686,110024129.000000,,
BATTERY,7,82.125686,110024129.000000,,
BATTERY,7,82.125506,110024514.000000,,
BATTERY,7,81.965705,111016386.000000,,
BATTERY,7,81.964249,111019234.000000,,
BATTERY,7,81.964249,111019234.000000,,
BATTERY,7,81.964069,111019619.000000,,
BATTERY,7,81.804297,112011309.800000,,
BATTERY,7,81.802841,112014157.800000,,
BATTERY,7,81.802841,112014157.800000,,
BATTERY,7,81.802662,112014542.800000,,
BATTERY,7,81.643063,113005153.000000,,
BATTERY,7,81.641608,113008001.000000,,
BATTERY,7,81.641608,113008001.000000,,
BATTERY,7,81.641428,113008386.000000,,
BATTERY,7,81.478858,114017441.000000,,
BATTERY,7,81.477403,114020289.000000,,
BATTERY,7,81.477403,114020289.000000,,
BATTERY,7,81.477223,114020674.000000,,
BATTERY,7,81.317009,115015106.000000,,
BATTERY,7,81.315553,115017954.000000,,
BATTERY,7,81.315553,115017954.000000,,
BATTERY,7,81.315374,115018339.000000,,
BATTERY,7,81.156387,116005153.000000,,
BATTERY,7,81.154931,116008001.000000,,
BATTERY,7,81.154931,116008001.000000,,
BATTERY,7,81.154752,116008386.000000,,
BATTERY,7,80.992924,117012833.000000,,
BATTERY,7,80.991468,117015681.000000,,
BATTERY,7,80.991468,117015681.000000,,
BATTERY,7,80.991289,117016066.000000,,
BATTERY,7,80.831729,118006433.000000,,
BATTERY,7,80.830274,118009281.000000,,
BATTERY,7,80.830274,118009281.000000,,
BATTERY,7,80.830094,118009666.000000,,
BATTERY,7,80.669153,119008609.000000,,
BATTERY,7,80.667698,119011457.000000,,
BATTERY,7,80.667698,119011457.000000,,
BATTERY,7,80.667518,119011842.000000,,
BATTERY,7,80.665696,119023149.800000,,
BATTERY,7,80.664241,119025997.800000,,
BATTERY,7,80.664241,119025997.800000,,
BATTERY,7,80.664061,119026382.800000,,
BATTERY,7,80.504870,120014466.000000,,
BATTERY,7,80.503414,120017314.000000,,
BATTERY,7,80.503414,120017314.000000,,
BATTERY,7,80.503234,120017699.000000,,
BATTERY,7,80.342644,121014466.000000,,
BATTERY,7,80.341189,121017314.000000,,
BATTERY,7,80.341189,121017314.000000,,
BATTERY,7,80.341009,121017699.000000,,
BATTERY,7,80.181971,122004833.000000,,
BATTERY,7,80.180515,122007681.000000,,
BATTERY,7,80.180515,122007681.000000,,
BATTERY,7,80.180335,122008066.000000,,
BATTERY,7,80.018038,123015426.000000,,
BATTERY,7,80.016583,123018274.000000,,
BATTERY,7,80.016583,123018274.000000,,
BATTERY,7,80.016403,123018659.000000,,
BATTERY,7,79.856592,124010593.000000,,
BATTERY,7,79.855136,124013441.000000,,
BATTERY,7,79.855136,124013441.000000,,
BATTERY,7,79.854956,124013826.000000,,
BATTERY,7,79.695036,125006433.000000,,
BATTERY,7,79.693581,125009281.000000,,
BATTERY,7,79.693581,125009281.000000,,
BATTERY,7,79.693401,125009666.000000,,
BATTERY,7,79.531444,126014914.000000,,
BATTERY,7,79.529989,126017762.000000,,
BATTERY,7,79.529989,126017762.000000,,
BATTERY,7,79.529809,126018147.000000,,
BATTERY,7,79.368832,127017313.000000,,
BATTERY,7,79.367377,127020161.000000,,
BATTERY,7,79.367377,127020161.000000,,
BATTERY,7,79.367197,127020546.000000,,
BATTERY,7,79.207014,128014786.000000,,
BATTERY,7,79.205558,128017634.000000,,
BATTERY,7,79.205558,128017634.000000,,
BATTERY,7,79.205378,128018019.000000,,
BATTERY,7,78.883579,130015393.000000,,
BATTERY,7,78.882124,130018241.000000,,
BATTERY,7,78.882124,130018241.000000,,
BATTERY,7,78.881944,130018626.000000,,
BATTERY,7,78.881892,130018946.000000,,
BATTERY,7,78.880437,130021794.000000,,
BATTERY,7,78.880437,130021794.000000,,
BATTERY,7,78.880257,130022179.000000,,
BATTERY,7,78.720549,131013473.000000,,
BATTERY,7,78.719093,131016321.000000,,
BATTERY,7,78.719093,131016321.000000,,
BATTERY,7,78.718913,131016706.000000,,
BATTERY,7,78.559560,132005793.000000,,
BATTERY,7,78.558105,132008641.000000,,
BATTERY,7,78.558105,132008641.000000,,
BATTERY,7,78.557925,132009026.000000,,
BATTERY,7,78.396201,133012833.000000,,
BATTERY,7,78.394745,133015681.000000,,
BATTERY,7,78.394745,133015681.000000,,
BATTERY,7,78.394565,133016066.000000,,
BATTERY,7,78.234478,134009709.800000,,
BATTERY,7,78.233023,134012557.800000,,
BATTERY,7,78.233023,134012557.800000,,
BATTERY,7,78.232843,134012942.800000,,
BATTERY,7,78.069871,135024495.800000,,
BATTERY,7,78.068415,135027343.800000,,
BATTERY,7,78.068415,135027343.800000,,
BATTERY,7,78.068235,135027728.800000,,
BATTERY,7,77.909060,136015713.000000,,
BATTERY,7,77.907604,136018561.000000,,
BATTERY,7,77.907604,136018561.000000,,
BATTERY,7,77.907425,136018946.000000,,
BATTERY,7,77.748587,137004833.000000,,
BATTERY,7,77.747132,137007681.000000,,
BATTERY,7,77.747132,137007681.000000,,
BATTERY,7,77.746952,137008066.000000,,
BATTERY,7,77.585068,138012866.000000,,
BATTERY,7,77.583612,138015714.000000,,
BATTERY,7,77.583612,138015714.000000,,
BATTERY,7,77.583432,138016099.000000,,
BATTERY,7,77.423724,139007393.000000,,
BATTERY,7,77.422268,139010241.000000,,
BATTERY,7,77.422268,139010241.000000,,
BATTERY,7,77.422089,139010626.000000,,
BATTERY,7,77.261653,140006433.000000,,
BATTERY,7,77.260197,140009281.000000,,
BATTERY,7,77.260197,140009281.000000,,
BATTERY,7,77.260018,140009666.000000,,
BATTERY,7,77.098370,141012994.000000,,
BATTERY,7,77.096915,141015842.000000,,
BATTERY,7,77.096915,141015842.000000,,
BATTERY,7,77.096735,141016227.000000,,
BATTERY,7,76.937202,142006433.000000,,
BATTERY,7,76.935746,142009281.000000,,
BATTERY,7,76.935746,142009281.000000,,
BATTERY,7,76.935567,142009666.000000,,
BATTERY,7,76.774822,143007393.000000,,
BATTERY,7,76.773366,143010241.000000,,
BATTERY,7,76.773366,143010241.000000,,
BATTERY,7,76.773186,143010626.000000,,
BATTERY,7,76.611410,144014753.000000,,
BATTERY,7,76.609955,144017601.000000,,
BATTERY,7,76.609955,144017601.000000,,
BATTERY,7,76.609775,144017986.000000,,
BATTERY,7,76.449276,145014189.800000,,
BATTERY,7,76.447820,145017037.800000,,
BATTERY,7,76.447820,145017037.800000,,
BATTERY,7,76.447640,145017422.800000,,
BATTERY,7,76.445519,145030586.600000,,
BATTERY,7,76.444064,145033434.600000,,
BATTERY,7,76.444064,145033434.600000,,
BATTERY,7,76.443884,145033819.600000,,
BATTERY,7,76.286670,146009633.000000,,
BATTERY,7,76.285214,146012481.000000,,
BATTERY,7,76.285214,146012481.000000,,
BATTERY,7,76.285034,146012866.000000,,
BATTERY,7,76.122567,147021281.000000,,
BATTERY,7,76.121112,147024129.000000,,
BATTERY,7,76.121112,147024129.000000,,
BATTERY,7,76.120932,147024514.000000,,
BATTERY,7,75.960259,148021793.000000,,
BATTERY,7,75.958804,148024641.000000,,
BATTERY,7,75.958804,148024641.000000,,
BATTERY,7,75.958624,148025026.000000,,
BATTERY,7,75.798271,149020321.000000,,
BATTERY,7,75.796815,149023169.000000,,
BATTERY,7,75.796815,149023169.000000,,
BATTERY,7,75.796636,149023554.000000,,
BATTERY,7,75.636415,150018029.800000,,
BATTERY,7,75.634959,150020877.800000,,
BATTERY,7,75.634959,150020877.800000,,
BATTERY,7,75.634779,150021262.800000,,
BATTERY,7,75.476264,151005153.000000,,
BATTERY,7,75.474808,151008001.000000,,
BATTERY,7,75.474808,151008001.000000,,
BATTERY,7,75.474628,151008386.000000,,
BATTERY,7,75.312362,152015554.000000,,
BATTERY,7,75.310907,152018402.000000,,
BATTERY,7,75.310907,152018402.000000,,
BATTERY,7,75.310727,152018787.000000,,
BATTERY,7,75.148746,153024186.600000,,
BATTERY,7,75.147290,153027034.600000,,
BATTERY,7,75.147290,153027034.600000,,
BATTERY,7,75.147111,153027419.600000,,
BATTERY,7,75.146853,153029019.600000,,
BATTERY,7,75.145397,153031867.600000,,
BATTERY,7,75.145397,153031867.600000,,
BATTERY,7,75.145218,153032252.600000,,
BATTERY,7,75.145166,153032572.600000,,
BATTERY,7,75.143710,153035420.600000,,
BATTERY,7,75.143710,153035420.600000,,
BATTERY,7,75.143531,153035805.600000,,
BATTERY,7,74.985244,154018273.000000,,
BATTERY,7,74.983789,154021121.000000,,
BATTERY,7,74.983789,154021121.000000,,
BATTERY,7,74.983609,154021506.000000,,
BATTERY,7,74.821030,155030619.600000,,
BATTERY,7,74.819574,155033467.600000,,
BATTERY,7,74.819574,155033467.600000,,
BATTERY,7,74.819394,155033852.600000,,
BATTERY,7,74.661355,156014786.000000,,
BATTERY,7,74.659899,156017634.000000,,
BATTERY,7,74.659899,156017634.000000,,
BATTERY,7,74.659720,156018019.000000,,
BATTERY,7,74.499578,157012001.000000,,
BATTERY,7,74.498123,157014849.000000,,
BATTERY,7,74.498123,157014849.000000,,
BATTERY,7,74.497943,157015234.000000,,
BATTERY,7,74.338208,158006689.000000,,
BATTERY,7,74.336753,158009537.000000,,
BATTERY,7,74.336753,158009537.000000,,
BATTERY,7,74.336573,158009922.000000,,
BATTERY,7,74.335422,158017069.800000,,
BATTERY,7,74.333966,158019917.800000,,
BATTERY,7,74.333966,158019917.800000,,
BATTERY,7,74.333786,158020302.800000,,
BATTERY,7,74.173925,159012546.000000,,
BATTERY,7,74.172469,159015394.000000,,
BATTERY,7,74.172469,159015394.000000,,
BATTERY,7,74.172290,159015779.000000,,
BATTERY,7,74.012890,160005153.000000,,
BATTERY,7,74.011435,160008001.000000,,
BATTERY,7,74.011435,160008001.000000,,
BATTERY,7,74.011255,160008386.000000,,
BATTERY,7,73.849376,161013153.000000,,
BATTERY,7,73.847920,161016001.000000,,
BATTERY,7,73.847920,161016001.000000,,
BATTERY,7,73.847741,161016386.000000,,
BATTERY,7,73.688336,162005793.000000,,
BATTERY,7,73.686881,162008641.000000,,
BATTERY,7,73.686881,162008641.000000,,
BATTERY,7,73.686701,162009026.000000,,
BATTERY,7,73.525853,163007393.000000,,
BATTERY,7,73.524397,163010241.000000,,
BATTERY,7,73.524397,163010241.000000,,
BATTERY,7,73.524218,163010626.000000,,
BATTERY,7,73.362075,164017026.000000,,
BATTERY,7,73.360620,164019874.000000,,
BATTERY,7,73.360620,164019874.000000,,
BATTERY,7,73.360440,164020259.000000,,
BATTERY,7,73.199391,165019873.000000,,
BATTERY,7,73.197935,165022721.000000,,
BATTERY,7,73.197935,165022721.000000,,
BATTERY,7,73.197756,165023106.000000,,
BATTERY,7,73.037779,166016066.000000,,
BATTERY,7,73.036323,166018914.000000,,
BATTERY,7,73.036323,166018914.000000,,
BATTERY,7,73.036144,166019299.000000,,
BATTERY,7,72.875392,167017069.800000,,
BATTERY,7,72.873936,167019917.800000,,
BATTERY,7,72.873936,167019917.800000,,
BATTERY,7,72.873756,167020302.800000,,
BATTERY,7,72.712972,168018273.000000,,
BATTERY,7,72.711517,168021121.000000,,
BATTERY,7,72.711517,168021121.000000,,
BATTERY,7,72.711337,168021506.000000,,
BATTERY,7,72.551262,169015073.000000,,
BATTERY,7,72.549807,169017921.000000,,
BATTERY,7,72.549807,169017921.000000,,
BATTERY,7,72.549627,169018306.000000,,
BATTERY,7,72.387839,170022509.800000,,
BATTERY,7,72.386383,170025357.800000,,
BATTERY,7,72.386383,170025357.800000,,
BATTERY,7,72.386203,170025742.800000,,
BATTERY,7,72.227306,171012001.000000,,
BATTERY,7,72.225850,171014849.000000,,
BATTERY,7,72.225850,171014849.000000,,
BATTERY,7,72.225671,171015234.000000,,
BATTERY,7,72.064890,172013186.000000,,
BATTERY,7,72.063434,172016034.000000,,
BATTERY,7,72.063434,172016034.000000,,
BATTERY,7,72.063254,172016419.000000,,
BATTERY,7,71.902664,173013186.000000,,
BATTERY,7,71.901208,173016034.000000,,
BATTERY,7,71.901208,173016034.000000,,
BATTERY,7,71.901029,173016419.000000,,
BATTERY,7,71.741733,174005153.000000,,
BATTERY,7,71.740277,174008001.000000,,
BATTERY,7,71.740277,174008001.000000,,
BATTERY,7,71.740097,174008386.000000,,
BATTERY,7,71.577986,175014594.000000,,
BATTERY,7,71.576530,175017442.000000,,
BATTERY,7,71.576530,175017442.000000,,
BATTERY,7,71.576351,175017827.000000,,
BATTERY,7,71.416921,176007393.000000,,
BATTERY,7,71.415465,176010241.000000,,
BATTERY,7,71.415465,176010241.000000,,
BATTERY,7,71.415285,176010626.000000,,
BATTERY,7,71.253406,177015393.000000,,
BATTERY,7,71.251951,177018241.000000,,
BATTERY,7,71.251951,177018241.000000,,
BATTERY,7,71.251771,177018626.000000,,
BATTERY,7,71.092521,178007073.000000,,
BATTERY,7,71.091066,178009921.000000,,
BATTERY,7,71.091066,178009921.000000,,
BATTERY,7,71.090886,178010306.000000,,
BATTERY,7,70.929304,179013229.800000,,
BATTERY,7,70.927848,179016077.800000,,
BATTERY,7,70.927848,179016077.800000,,
BATTERY,7,70.927668,179016462.800000,,
BATTERY,7,70.927308,179018702.800000,,
BATTERY,7,70.925852,179021550.800000,,
BATTERY,7,70.925852,179021550.800000,,
BATTERY,7,70.925672,179021935.800000,,
BATTERY,7,70.767368,180004513.000000,,
BATTERY,7,70.765912,180007361.000000,,
BATTERY,7,70.765912,180007361.000000,,
BATTERY,7,70.765733,180007746.000000,,
BATTERY,7,70.604988,181005473.000000,,
BATTERY,7,70.603532,181008321.000000,,
BATTERY,7,70.603532,181008321.000000,,
BATTERY,7,70.603353,181008706.000000,,
BATTERY,7,70.441925,182010669.800000,,
BATTERY,7,70.440469,182013517.800000,,
BATTERY,7,70.440469,182013517.800000,,
BATTERY,7,70.440290,182013902.800000,,
BATTERY,7,70.278784,183016353.000000,,
BATTERY,7,70.277328,183019201.000000,,
BATTERY,7,70.277328,183019201.000000,,
BATTERY,7,70.277149,183019586.000000,,
BATTERY,7,70.115102,184025389.800000,,
BATTERY,7,70.113647,184028237.800000,,
BATTERY,7,70.113647,184028237.800000,,
BATTERY,7,70.113467,184028622.800000,,
BATTERY,7,69.955776,185007393.000000,,
BATTERY,7,69.954321,185010241.000000,,
BATTERY,7,69.954321,185010241.000000,,
BATTERY,7,69.954141,185010626.000000,,
BATTERY,7,69.793613,186007009.000000,,
BATTERY,7,69.792157,186009857.000000,,
BATTERY,7,69.792157,186009857.000000,,
BATTERY,7,69.791977,186010242.000000,,
BATTERY,7,69.788557,186031469.800000,,
BATTERY,7,69.787102,186034317.800000,,
BATTERY,7,69.787102,186034317.800000,,
BATTERY,7,69.786922,186034702.800000,,
BATTERY,7,69.630365,187006433.000000,,
BATTERY,7,69.628910,187009281.000000,,
BATTERY,7,69.628910,187009281.000000,,
BATTERY,7,69.628730,187009666.000000,,
BATTERY,7,69.466632,188015789.800000,,
BATTERY,7,69.465177,188018637.800000,,
BATTERY,7,69.465177,188018637.800000,,
BATTERY,7,69.464997,188019022.800000,,
BATTERY,7,69.304252,189016749.800000,,
BATTERY,7,69.302797,189019597.800000,,
BATTERY,7,69.302797,189019597.800000,,
BATTERY,7,69.302617,189019982.800000,,
BATTERY,7,69.142137,190016066.000000,,
BATTERY,7,69.140681,190018914.000000,,
BATTERY,7,69.140681,190018914.000000,,
BATTERY,7,69.140502,190019299.000000,,
BATTERY,7,68.980793,191010593.000000,,
BATTERY,7,68.979337,191013441.000000,,
BATTERY,7,68.979337,191013441.000000,,
BATTERY,7,68.979158,191013826.000000,,
BATTERY,7,68.819289,192006113.000000,,
BATTERY,7,68.817834,192008961.000000,,
BATTERY,7,68.817834,192008961.000000,,
BATTERY,7,68.817654,192009346.000000,,
BATTERY,7,68.656909,193007073.000000,,
BATTERY,7,68.655453,193009921.000000,,
BATTERY,7,68.655453,193009921.000000,,
BATTERY,7,68.655274,193010306.000000,,
BATTERY,7,68.494220,194009953.000000,,
BATTERY,7,68.492764,194012801.000000,,
BATTERY,7,68.492764,194012801.000000,,
BATTERY,7,68.492584,194013186.000000,,
BATTERY,7,68.330834,195017154.000000,,
BATTERY,7,68.329378,195020002.000000,,
BATTERY,7,68.329378,195020002.000000,,
BATTERY,7,68.329198,195020387.000000,,
BATTERY,7,68.169768,196009953.000000,,
BATTERY,7,68.168313,196012801.000000,,
BATTERY,7,68.168313,196012801.000000,,
BATTERY,7,68.168133,196013186.000000,,
BATTERY,7,68.008419,197004513.000000,,
BATTERY,7,68.006964,197007361.000000,,
BATTERY,7,68.006964,197007361.000000,,
BATTERY,7,68.006784,197007746.000000,,
BATTERY,7,67.844229,198016706.000000,,
BATTERY,7,67.842774,198019554.000000,,
BATTERY,7,67.842774,198019554.000000,,
BATTERY,7,67.842594,198019939.000000,,
BATTERY,7,67.683401,199008033.000000,,
BATTERY,7,67.681945,199010881.000000,,
BATTERY,7,67.681945,199010881.000000,,
BATTERY,7,67.681766,199011266.000000,,
BATTERY,7,67.521227,200007713.000000,,
BATTERY,7,67.519771,200010561.000000,,
BATTERY,7,67.519771,200010561.000000,,
BATTERY,7,67.519592,200010946.000000,,
BATTERY,7,67.356012,201026267.600000,,
BATTERY,7,67.354557,201029115.600000,,
BATTERY,7,67.354557,201029115.600000,,
BATTERY,7,67.354377,201029500.600000,,
BATTERY,7,67.196364,202010273.000000,,
BATTERY,7,67.194908,202013121.000000,,
BATTERY,7,67.194908,202013121.000000,,
BATTERY,7,67.194728,202013506.000000,,
BATTERY,7,67.032756,203018849.000000,,
BATTERY,7,67.031301,203021697.000000,,
BATTERY,7,67.031301,203021697.000000,,
BATTERY,7,67.031121,203022082.000000,,
BATTERY,7,66.869812,204023310.800000,,
BATTERY,7,66.868356,204026158.800000,,
BATTERY,7,66.868356,204026158.800000,,
BATTERY,7,66.868177,204026543.800000,,
BATTERY,7,66.710563,205004833.000000,,
BATTERY,7,66.709108,205007681.000000,,
BATTERY,7,66.709108,205007681.000000,,
BATTERY,7,66.708928,205008066.000000,,
BATTERY,7,66.546307,206017441.000000,,
BATTERY,7,66.544851,206020289.000000,,
BATTERY,7,66.544851,206020289.000000,,
BATTERY,7,66.544671,206020674.000000,,
BATTERY,7,66.384102,207017313.000000,,
BATTERY,7,66.382646,207020161.000000,,
BATTERY,7,66.382646,207020161.000000,,
BATTERY,7,66.382466,207020546.000000,,
BATTERY,7,66.219119,208034426.600000,,
BATTERY,7,66.217663,208037274.600000,,
BATTERY,7,66.217663,208037274.600000,,
BATTERY,7,66.217484,208037659.600000,,
BATTERY,7,66.057931,209027982.800000,,
BATTERY,7,66.056476,209030830.800000,,
BATTERY,7,66.056476,209030830.800000,,
BATTERY,7,66.056296,209031215.800000,,
BATTERY,7,65.896837,210020961.000000,,
BATTERY,7,65.895382,210023809.000000,,
BATTERY,7,65.895382,210023809.000000,,
BATTERY,7,65.895202,210024194.000000,,
BATTERY,7,65.735560,211015073.000000,,
BATTERY,7,65.734105,211017921.000000,,
BATTERY,7,65.734105,211017921.000000,,
BATTERY,7,65.733925,211018306.000000,,
BATTERY,7,65.574778,212006113.000000,,
BATTERY,7,65.573323,212008961.000000,,
BATTERY,7,65.573323,212008961.000000,,
BATTERY,7,65.573143,212009346.000000,,
BATTERY,7,65.410903,213016353.000000,,
BATTERY,7,65.409447,213019201.000000,,
BATTERY,7,65.409447,213019201.000000,,
BATTERY,7,65.409268,213019586.000000,,
BATTERY,7,65.250173,214007073.000000,,
BATTERY,7,65.248717,214009921.000000,,
BATTERY,7,65.248717,214009921.000000,,
BATTERY,7,65.248537,214010306.000000,,
BATTERY,7,65.087213,215011629.800000,,
BATTERY,7,65.085757,215014477.800000,,
BATTERY,7,65.085757,215014477.800000,,
BATTERY,7,65.085578,215014862.800000,,
BATTERY,7,64.922964,216024186.600000,,
BATTERY,7,64.921509,216027034.600000,,
BATTERY,7,64.921509,216027034.600000,,
BATTERY,7,64.921329,216027419.600000,,
BATTERY,7,64.920968,216029659.600000,,
BATTERY,7,64.919512,216032507.600000,,
BATTERY,7,64.919512,216032507.600000,,
BATTERY,7,64.919333,216032892.600000,,
BATTERY,7,64.761242,217014146.000000,,
BATTERY,7,64.759786,217016994.000000,,
BATTERY,7,64.759786,217016994.000000,,
BATTERY,7,64.759607,217017379.000000,,
BATTERY,7,64.598789,218015554.000000,,
BATTERY,7,64.597334,218018402.000000,,
BATTERY,7,64.597334,218018402.000000,,
BATTERY,7,64.597154,218018787.000000,,
BATTERY,7,64.436023,219018913.000000,,
BATTERY,7,64.434567,219021761.000000,,
BATTERY,7,64.434567,219021761.000000,,
BATTERY,7,64.434387,219022146.000000,,
BATTERY,7,64.275859,220006113.000000,,
BATTERY,7,64.274404,220008961.000000,,
BATTERY,7,64.274404,220008961.000000,,
BATTERY,7,64.274224,220009346.000000,,
BATTERY,7,64.112391,221013826.000000,,
BATTERY,7,64.110936,221016674.000000,,
BATTERY,7,64.110936,221016674.000000,,
BATTERY,7,64.110756,221017059.000000,,
BATTERY,7,63.950687,222010593.000000,,
BATTERY,7,63.949231,222013441.000000,,
BATTERY,7,63.949231,222013441.000000,,
BATTERY,7,63.949051,222013826.000000,,
BATTERY,7,63.786914,223020193.000000,,
BATTERY,7,63.785459,223023041.000000,,
BATTERY,7,63.785459,223023041.000000,,
BATTERY,7,63.785279,223023426.000000,,
BATTERY,7,63.626266,224010401.000000,,
BATTERY,7,63.624811,224013249.000000,,
BATTERY,7,63.624811,224013249.000000,,
BATTERY,7,63.624631,224013634.000000,,
BATTERY,7,63.464525,225007393.000000,,
BATTERY,7,63.463070,225010241.000000,,
BATTERY,7,63.463070,225010241.000000,,
BATTERY,7,63.462890,225010626.000000,,
BATTERY,7,63.301836,226010273.000000,,
BATTERY,7,63.300380,226013121.000000,,
BATTERY,7,63.300380,226013121.000000,,
BATTERY,7,63.300201,226013506.000000,,
BATTERY,7,63.140332,227005793.000000,,
BATTERY,7,63.138877,227008641.000000,,
BATTERY,7,63.138877,227008641.000000,,
BATTERY,7,63.138697,227009026.000000,,
BATTERY,7,62.976651,228014829.800000,,
BATTERY,7,62.975195,228017677.800000,,
BATTERY,7,62.975195,228017677.800000,,
BATTERY,7,62.975015,228018062.800000,,
BATTERY,7,62.815984,229005153.000000,,
BATTERY,7,62.814529,229008001.000000,,
BATTERY,7,62.814529,229008001.000000,,
BATTERY,7,62.814349,229008386.000000,,
BATTERY,7,62.650189,230027309.800000,,
BATTERY,7,62.648733,230030157.800000,,
BATTERY,7,62.648733,230030157.800000,,
BATTERY,7,62.648554,230030542.800000,,
BATTERY,7,62.491069,231008033.000000,,
BATTERY,7,62.489613,231010881.000000,,
BATTERY,7,62.489613,231010881.000000,,
BATTERY,7,62.489434,231011266.000000,,
BATTERY,7,62.329256,232005473.000000,,
BATTERY,7,62.327800,232008321.000000,,
BATTERY,7,62.327800,232008321.000000,,
BATTERY,7,62.327621,232008706.000000,,
BATTERY,7,62.165059,233017709.800000,,
BATTERY,7,62.163603,233020557.800000,,
BATTERY,7,62.163603,233020557.800000,,
BATTERY,7,62.163424,233020942.800000,,
BATTERY,7,62.002908,234017249.000000,,
BATTERY,7,62.001452,234020097.000000,,
BATTERY,7,62.001452,234020097.000000,,
BATTERY,7,62.001272,234020482.000000,,
BATTERY,7,61.840775,235016673.000000,,
BATTERY,7,61.839319,235019521.000000,,
BATTERY,7,61.839319,235019521.000000,,
BATTERY,7,61.839140,235019906.000000,,
BATTERY,7,61.678544,236016706.000000,,
BATTERY,7,61.677088,236019554.000000,,
BATTERY,7,61.677088,236019554.000000,,
BATTERY,7,61.676909,236019939.000000,,
BATTERY,7,61.518128,237005473.000000,,
BATTERY,7,61.516673,237008321.000000,,
BATTERY,7,61.516673,237008321.000000,,
BATTERY,7,61.516493,237008706.000000,,
BATTERY,7,61.353974,238017441.000000,,
BATTERY,7,61.352519,238020289.000000,,
BATTERY,7,61.352519,238020289.000000,,
BATTERY,7,61.352339,238020674.000000,,
BATTERY,7,61.193007,239009633.000000,,
BATTERY,7,61.191551,239012481.000000,,
BATTERY,7,61.191551,239012481.000000,,
BATTERY,7,61.191372,239012866.000000,,
BATTERY,7,61.029982,240014594.000000,,
BATTERY,7,61.028526,240017442.000000,,
BATTERY,7,61.028526,240017442.000000,,
BATTERY,7,61.028347,240017827.000000,,
BATTERY,7,60.869071,241006433.000000,,
BATTERY,7,60.867616,241009281.000000,,
BATTERY,7,60.867616,241009281.000000,,
BATTERY,7,60.867436,241009666.000000,,
BATTERY,7,60.706266,242010029.800000,,
BATTERY,7,60.704811,242012877.800000,,
BATTERY,7,60.704811,242012877.800000,,
BATTERY,7,60.704631,242013262.800000,,
BATTERY,7,60.544517,243007073.000000,,
BATTERY,7,60.543061,243009921.000000,,
BATTERY,7,60.543061,243009921.000000,,
BATTERY,7,60.542882,243010306.000000,,
BATTERY,7,60.381518,244011873.000000,,
BATTERY,7,60.380063,244014721.000000,,
BATTERY,7,60.380063,244014721.000000,,
BATTERY,7,60.379883,244015106.000000,,
BATTERY,7,60.219530,245010401.000000,,
BATTERY,7,60.218074,245013249.000000,,
BATTERY,7,60.218074,245013249.000000,,
BATTERY,7,60.217895,245013634.000000,,
BATTERY,7,60.057261,246010669.800000,,
BATTERY,7,60.055805,246013517.800000,,
BATTERY,7,60.055805,246013517.800000,,
BATTERY,7,60.055626,246013902.800000,,
BATTERY,7,59.894790,247012193.000000,,
BATTERY,7,59.893334,247015041.000000,,
BATTERY,7,59.893334,247015041.000000,,
BATTERY,7,59.893155,247015426.000000,,
BATTERY,7,59.730863,248022753.000000,,
BATTERY,7,59.729408,248025601.000000,,
BATTERY,7,59.729408,248025601.000000,,
BATTERY,7,59.729228,248025986.000000,,
BATTERY,7,59.571422,249005473.000000,,
BATTERY,7,59.569966,249008321.000000,,
BATTERY,7,59.569966,249008321.000000,,
BATTERY,7,59.569786,249008706.000000,,
BATTERY,7,59.407185,250017953.000000,,
BATTERY,7,59.405730,250020801.000000,,
BATTERY,7,59.405730,250020801.000000,,
BATTERY,7,59.405550,250021186.000000,,
BATTERY,7,59.246249,251009953.000000,,
BATTERY,7,59.244793,251012801.000000,,
BATTERY,7,59.244793,251012801.000000,,
BATTERY,7,59.244613,251013186.000000,,
BATTERY,7,59.084590,252006433.000000,,
BATTERY,7,59.083135,252009281.000000,,
BATTERY,7,59.083135,252009281.000000,,
BATTERY,7,59.082955,252009666.000000,,
BATTERY,7,58.921725,253010401.000000,,
BATTERY,7,58.920270,253013249.000000,,
BATTERY,7,58.920270,253013249.000000,,
BATTERY,7,58.920090,253013634.000000,,
BATTERY,7,58.758773,254014914.000000,,
BATTERY,7,58.757317,254017762.000000,,
BATTERY,7,58.757317,254017762.000000,,
BATTERY,7,58.757137,254018147.000000,,
BATTERY,7,58.597223,255010721.000000,,
BATTERY,7,58.595767,255013569.000000,,
BATTERY,7,58.595767,255013569.000000,,
BATTERY,7,58.595587,255013954.000000,,
BATTERY,7,58.434322,256014914.000000,,
BATTERY,7,58.432866,256017762.000000,,
BATTERY,7,58.432866,256017762.000000,,
BATTERY,7,58.432686,256018147.000000,,
BATTERY,7,58.272689,257011233.000000,,
BATTERY,7,58.271234,257014081.000000,,
BATTERY,7,58.271234,257014081.000000,,
BATTERY,7,58.271054,257014466.000000,,
BATTERY,7,58.108762,258021793.000000,,
BATTERY,7,58.107307,258024641.000000,,
BATTERY,7,58.107307,258024641.000000,,
BATTERY,7,58.107127,258025026.000000,,
BATTERY,7,57.946949,259019233.000000,,
BATTERY,7,57.945494,259022081.000000,,
BATTERY,7,57.945494,259022081.000000,,
BATTERY,7,57.945314,259022466.000000,,
BATTERY,7,57.786198,260010081.000000,,
BATTERY,7,57.784743,260012929.000000,,
BATTERY,7,57.784743,260012929.000000,,
BATTERY,7,57.784563,260013314.000000,,
BATTERY,7,57.624818,261004833.000000,,
BATTERY,7,57.623362,261007681.000000,,
BATTERY,7,57.623362,261007681.000000,,
BATTERY,7,57.623183,261008066.000000,,
BATTERY,7,57.462232,262007073.000000,,
BATTERY,7,57.460776,262009921.000000,,
BATTERY,7,57.460776,262009921.000000,,
BATTERY,7,57.460596,262010306.000000,,
BATTERY,7,57.300161,263006113.000000,,
BATTERY,7,57.298705,263008961.000000,,
BATTERY,7,57.298705,263008961.000000,,
BATTERY,7,57.298525,263009346.000000,,
BATTERY,7,57.138090,264005153.000000,,
BATTERY,7,57.136634,264008001.000000,,
BATTERY,7,57.136634,264008001.000000,,
BATTERY,7,57.136455,264008386.000000,,
BATTERY,7,56.975019,265010401.000000,,
BATTERY,7,56.973563,265013249.000000,,
BATTERY,7,56.973563,265013249.000000,,
BATTERY,7,56.973384,265013634.000000,,
BATTERY,7,56.811602,266017794.000000,,
BATTERY,7,56.810147,266020642.000000,,
BATTERY,7,56.810147,266020642.000000,,
BATTERY,7,56.809967,266021027.000000,,
BATTERY,7,56.649763,267015393.000000,,
BATTERY,7,56.648308,267018241.000000,,
BATTERY,7,56.648308,267018241.000000,,
BATTERY,7,56.648128,267018626.000000,,
BATTERY,7,56.489136,268005473.000000,,
BATTERY,7,56.487681,268008321.000000,,
BATTERY,7,56.487681,268008321.000000,,
BATTERY,7,56.487501,268008706.000000,,
BATTERY,7,56.326859,269005793.000000,,
BATTERY,7,56.325403,269008641.000000,,
BATTERY,7,56.325403,269008641.000000,,
BATTERY,7,56.325224,269009026.000000,,
BATTERY,7,56.163267,270014274.000000,,
BATTERY,7,56.161811,270017122.000000,,
BATTERY,7,56.161811,270017122.000000,,
BATTERY,7,56.161632,270017507.000000,,
BATTERY,7,55.999449,271024161.000000,,
BATTERY,7,55.997993,271027009.000000,,
BATTERY,7,55.997993,271027009.000000,,
BATTERY,7,55.997813,271027394.000000,,
BATTERY,7,55.837893,272020001.000000,,
BATTERY,7,55.836438,272022849.000000,,
BATTERY,7,55.836438,272022849.000000,,
BATTERY,7,55.836258,272023234.000000,,
BATTERY,7,55.675121,273023393.000000,,
BATTERY,7,55.673666,273026241.000000,,
BATTERY,7,55.673666,273026241.000000,,
BATTERY,7,55.673486,273026626.000000,,
BATTERY,7,55.514906,274010913.000000,,
BATTERY,7,55.513451,274013761.000000,,
BATTERY,7,55.513451,274013761.000000,,
BATTERY,7,55.513271,274014146.000000,,
BATTERY,7,55.351534,275018029.800000,,
BATTERY,7,55.350079,275020877.800000,,
BATTERY,7,55.350079,275020877.800000,,
BATTERY,7,55.349899,275021262.800000,,
BATTERY,7,55.189708,276015554.000000,,
BATTERY,7,55.188252,276018402.000000,,
BATTERY,7,55.188252,276018402.000000,,
BATTERY,7,55.188072,276018787.000000,,
BATTERY,7,55.027657,277014466.000000,,
BATTERY,7,55.026202,277017314.000000,,
BATTERY,7,55.026202,277017314.000000,,
BATTERY,7,55.026022,277017699.000000,,
BATTERY,7,54.866138,278010081.000000,,
BATTERY,7,54.864683,278012929.000000,,
BATTERY,7,54.864683,278012929.000000,,
BATTERY,7,54.864503,278013314.000000,,
BATTERY,7,54.704397,279007073.000000,,
BATTERY,7,54.702942,279009921.000000,,
BATTERY,7,54.702942,279009921.000000,,
BATTERY,7,54.702762,279010306.000000,,
BATTERY,7,54.379502,281016749.800000,,
BATTERY,7,54.378046,281019597.800000,,
BATTERY,7,54.378046,281019597.800000,,
BATTERY,7,54.377866,281019982.800000,,
BATTERY,7,54.218887,282006753.000000,,
BATTERY,7,54.217431,282009601.000000,,
BATTERY,7,54.217431,282009601.000000,,
BATTERY,7,54.217251,282009986.000000,,
BATTERY,7,54.054320,283021281.000000,,
BATTERY,7,54.052865,283024129.000000,,
BATTERY,7,54.052865,283024129.000000,,
BATTERY,7,54.052685,283024514.000000,,
BATTERY,7,53.894539,284006113.000000,,
BATTERY,7,53.893083,284008961.000000,,
BATTERY,7,53.893083,284008961.000000,,
BATTERY,7,53.892903,284009346.000000,,
BATTERY,7,53.731725,285009761.000000,,
BATTERY,7,53.730270,285012609.000000,,
BATTERY,7,53.730270,285012609.000000,,
BATTERY,7,53.730090,285012994.000000,,
BATTERY,7,53.569984,286006753.000000,,
BATTERY,7,53.568529,286009601.000000,,
BATTERY,7,53.568529,286009601.000000,,
BATTERY,7,53.568349,286009986.000000,,
BATTERY,7,53.406547,287014274.000000,,
BATTERY,7,53.405092,287017122.000000,,
BATTERY,7,53.405092,287017122.000000,,
BATTERY,7,53.404912,287017507.000000,,
BATTERY,7,53.244291,288014466.000000,,
BATTERY,7,53.242835,288017314.000000,,
BATTERY,7,53.242835,288017314.000000,,
BATTERY,7,53.242655,288017699.000000,,
BATTERY,7,53.081122,289020321.000000,,
BATTERY,7,53.079666,289023169.000000,,
BATTERY,7,53.079666,289023169.000000,,
BATTERY,7,53.079487,289023554.000000,,
BATTERY,7,52.921340,290005153.000000,,
BATTERY,7,52.919884,290008001.000000,,
BATTERY,7,52.919884,290008001.000000,,
BATTERY,7,52.919705,290008386.000000,,
BATTERY,7,52.759114,291005153.000000,,
BATTERY,7,52.757659,291008001.000000,,
BATTERY,7,52.757659,291008001.000000,,
BATTERY,7,52.757479,291008386.000000,,
BATTERY,7,52.596167,292009633.000000,,
BATTERY,7,52.594712,292012481.000000,,
BATTERY,7,52.594712,292012481.000000,,
BATTERY,7,52.594532,292012866.000000,,
BATTERY,7,52.434158,293008289.000000,,
BATTERY,7,52.432703,293011137.000000,,
BATTERY,7,52.432703,293011137.000000,,
BATTERY,7,52.432523,293011522.000000,,
BATTERY,7,52.430392,293024749.800000,,
BATTERY,7,52.428936,293027597.800000,,
BATTERY,7,52.428936,293027597.800000,,
BATTERY,7,52.428756,293027982.800000,,
BATTERY,7,52.269467,294016673.000000,,
BATTERY,7,52.268012,294019521.000000,,
BATTERY,7,52.268012,294019521.000000,,
BATTERY,7,52.267832,294019906.000000,,
BATTERY,7,52.107178,295017069.800000,,
BATTERY,7,52.105722,295019917.800000,,
BATTERY,7,52.105722,295019917.800000,,
BATTERY,7,52.105543,295020302.800000,,
BATTERY,7,51.946233,296009121.000000,,
BATTERY,7,51.944777,296011969.000000,,
BATTERY,7,51.944777,296011969.000000,,
BATTERY,7,51.944598,296012354.000000,,
BATTERY,7,51.783177,297014274.000000,,
BATTERY,7,51.781722,297017122.000000,,
BATTERY,7,51.781722,297017122.000000,,
BATTERY,7,51.781542,297017507.000000,,
BATTERY,7,51.622267,298006113.000000,,
BATTERY,7,51.620811,298008961.000000,,
BATTERY,7,51.620811,298008961.000000,,
BATTERY,7,51.620631,298009346.000000,,
BATTERY,7,51.457961,299019022.800000,,
BATTERY,7,51.456505,299021870.800000,,
BATTERY,7,51.456505,299021870.800000,,
BATTERY,7,51.456326,299022255.800000,,
BATTERY,7,51.297970,300005153.000000,,
BATTERY,7,51.296514,300008001.000000,,
BATTERY,7,51.296514,300008001.000000,,
BATTERY,7,51.296335,300008386.000000,,
BATTERY,7,51.135435,301007073.000000,,
BATTERY,7,51.133980,301009921.000000,,
BATTERY,7,51.133980,301009921.000000,,
BATTERY,7,51.133800,301010306.000000,,
BATTERY,7,50.971895,302015234.000000,,
BATTERY,7,50.970439,302018082.000000,,
BATTERY,7,50.970439,302018082.000000,,
BATTERY,7,50.970260,302018467.000000,,
BATTERY,7,50.809334,303017313.000000,,
BATTERY,7,50.807879,303020161.000000,,
BATTERY,7,50.807879,303020161.000000,,
BATTERY,7,50.807699,303020546.000000,,
BATTERY,7,50.646645,304020193.000000,,
BATTERY,7,50.645189,304023041.000000,,
BATTERY,7,50.645189,304023041.000000,,
BATTERY,7,50.645009,304023426.000000,,
BATTERY,7,50.486017,305010273.000000,,
BATTERY,7,50.484562,305013121.000000,,
BATTERY,7,50.484562,305013121.000000,,
BATTERY,7,50.484382,305013506.000000,,
BATTERY,7,50.323792,306010273.000000,,
BATTERY,7,50.322336,306013121.000000,,
BATTERY,7,50.322336,306013121.000000,,
BATTERY,7,50.322157,306013506.000000,,
BATTERY,7,50.160685,307015746.000000,,
BATTERY,7,50.159229,307018594.000000,,
BATTERY,7,50.159229,307018594.000000,,
BATTERY,7,50.159049,307018979.000000,,
BATTERY,7,49.999908,308006753.000000,,
BATTERY,7,49.998452,308009601.000000,,
BATTERY,7,49.998452,308009601.000000,,
BATTERY,7,49.998273,308009986.000000,,
BATTERY,7,49.836084,309016673.000000,,
BATTERY,7,49.834629,309019521.000000,,
BATTERY,7,49.834629,309019521.000000,,
BATTERY,7,49.834449,309019906.000000,,
BATTERY,7,49.673898,310016429.800000,,
BATTERY,7,49.672442,310019277.800000,,
BATTERY,7,49.672442,310019277.800000,,
BATTERY,7,49.672262,310019662.800000,,
BATTERY,7,49.513138,311007329.000000,,
BATTERY,7,49.511683,311010177.000000,,
BATTERY,7,49.511683,311010177.000000,,
BATTERY,7,49.511503,311010562.000000,,
BATTERY,7,49.509888,311020589.800000,,
BATTERY,7,49.508432,311023437.800000,,
BATTERY,7,49.508432,311023437.800000,,
BATTERY,7,49.508252,311023822.800000,,
BATTERY,7,49.347907,312019066.600000,,
BATTERY,7,49.346452,312021914.600000,,
BATTERY,7,49.346452,312021914.600000,,
BATTERY,7,49.346272,312022299.600000,,
BATTERY,7,49.346066,312023579.600000,,
BATTERY,7,49.344610,312026427.600000,,
BATTERY,7,49.344610,312026427.600000,,
BATTERY,7,49.344431,312026812.600000,,
BATTERY,7,49.186500,313007073.000000,,
BATTERY,7,49.185044,313009921.000000,,
BATTERY,7,49.185044,313009921.000000,,
BATTERY,7,49.184864,313010306.000000,,
BATTERY,7,49.022560,314017709.800000,,
BATTERY,7,49.021105,314020557.800000,,
BATTERY,7,49.021105,314020557.800000,,
BATTERY,7,49.020925,314020942.800000,,
BATTERY,7,48.861224,315012193.000000,,
BATTERY,7,48.859768,315015041.000000,,
BATTERY,7,48.859768,315015041.000000,,
BATTERY,7,48.859588,315015426.000000,,
BATTERY,7,48.699256,316010593.000000,,
BATTERY,7,48.697800,316013441.000000,,
BATTERY,7,48.697800,316013441.000000,,
BATTERY,7,48.697621,316013826.000000,,
BATTERY,7,48.537701,317006433.000000,,
BATTERY,7,48.536245,317009281.000000,,
BATTERY,7,48.536245,317009281.000000,,
BATTERY,7,48.536065,317009666.000000,,
BATTERY,7,48.374650,318011553.000000,,
BATTERY,7,48.373195,318014401.000000,,
BATTERY,7,48.373195,318014401.000000,,
BATTERY,7,48.373015,318014786.000000,,
BATTERY,7,48.211548,319016993.000000,,
BATTERY,7,48.210093,319019841.000000,,
BATTERY,7,48.210093,319019841.000000,,
BATTERY,7,48.209913,319020226.000000,,
BATTERY,7,48.050187,320011629.800000,,
BATTERY,7,48.048731,320014477.800000,,
BATTERY,7,48.048731,320014477.800000,,
BATTERY,7,48.048551,320014862.800000,,
BATTERY,7,47.888005,321011361.000000,,
BATTERY,7,47.886549,321014209.000000,,
BATTERY,7,47.886549,321014209.000000,,
BATTERY,7,47.886369,321014594.000000,,
BATTERY,7,47.726676,322005793.000000,,
BATTERY,7,47.725220,322008641.000000,,
BATTERY,7,47.725220,322008641.000000,,
BATTERY,7,47.725041,322009026.000000,,
BATTERY,7,47.564450,323005793.000000,,
BATTERY,7,47.562995,323008641.000000,,
BATTERY,7,47.562995,323008641.000000,,
BATTERY,7,47.562815,323009026.000000,,
BATTERY,7,47.398851,324026735.800000,,
BATTERY,7,47.397395,324029583.800000,,
BATTERY,7,47.397395,324029583.800000,,
BATTERY,7,47.397215,324029968.800000,,
BATTERY,7,47.238190,325017026.000000,,
BATTERY,7,47.236734,325019874.000000,,
BATTERY,7,47.236734,325019874.000000,,
BATTERY,7,47.236554,325020259.000000,,
BATTERY,7,47.077083,326010081.000000,,
BATTERY,7,47.075627,326012929.000000,,
BATTERY,7,47.075627,326012929.000000,,
BATTERY,7,47.075448,326013314.000000,,
BATTERY,7,46.915445,327006433.000000,,
BATTERY,7,46.913990,327009281.000000,,
BATTERY,7,46.913990,327009281.000000,,
BATTERY,7,46.913810,327009666.000000,,
BATTERY,7,46.751565,328016706.000000,,
BATTERY,7,46.750109,328019554.000000,,
BATTERY,7,46.750109,328019554.000000,,
BATTERY,7,46.749929,328019939.000000,,
BATTERY,7,46.589391,329016386.000000,,
BATTERY,7,46.587935,329019234.000000,,
BATTERY,7,46.587935,329019234.000000,,
BATTERY,7,46.587755,329019619.000000,,
BATTERY,7,46.428201,330009953.000000,,
BATTERY,7,46.426746,330012801.000000,,
BATTERY,7,46.426746,330012801.000000,,
BATTERY,7,46.426566,330013186.000000,,
BATTERY,7,46.264044,331021946.600000,,
BATTERY,7,46.262588,331024794.600000,,
BATTERY,7,46.262588,331024794.600000,,
BATTERY,7,46.262408,331025179.600000,,
BATTERY,7,46.102719,332016353.000000,,
BATTERY,7,46.101264,332019201.000000,,
BATTERY,7,46.101264,332019201.000000,,
BATTERY,7,46.101084,332019586.000000,,
BATTERY,7,45.939102,333024993.000000,,
BATTERY,7,45.937646,333027841.000000,,
BATTERY,7,45.937646,333027841.000000,,
BATTERY,7,45.937466,333028226.000000,,
BATTERY,7,45.779351,334009633.000000,,
BATTERY,7,45.777895,334012481.000000,,
BATTERY,7,45.777895,334012481.000000,,
BATTERY,7,45.777715,334012866.000000,,
BATTERY,7,45.615986,335016706.000000,,
BATTERY,7,45.614530,335019554.000000,,
BATTERY,7,45.614530,335019554.000000,,
BATTERY,7,45.614350,335019939.000000,,
BATTERY,7,45.452837,336022433.000000,,
BATTERY,7,45.451382,336025281.000000,,
BATTERY,7,45.451382,336025281.000000,,
BATTERY,7,45.451202,336025666.000000,,
BATTERY,7,45.292932,337008033.000000,,
BATTERY,7,45.291476,337010881.000000,,
BATTERY,7,45.291476,337010881.000000,,
BATTERY,7,45.291297,337011266.000000,,
BATTERY,7,45.129340,338016514.000000,,
BATTERY,7,45.127884,338019362.000000,,
BATTERY,7,45.127884,338019362.000000,,
BATTERY,7,45.127705,338019747.000000,,
BATTERY,7,44.966870,339018029.800000,,
BATTERY,7,44.965415,339020877.800000,,
BATTERY,7,44.965415,339020877.800000,,
BATTERY,7,44.965235,339021262.800000,,
BATTERY,7,44.804915,340016353.000000,,
BATTERY,7,44.803459,340019201.000000,,
BATTERY,7,44.803459,340019201.000000,,
BATTERY,7,44.803279,340019586.000000,,
BATTERY,7,44.644494,341005153.000000,,
BATTERY,7,44.643038,341008001.000000,,
BATTERY,7,44.643038,341008001.000000,,
BATTERY,7,44.642858,341008386.000000,,
BATTERY,7,44.479820,342020346.600000,,
BATTERY,7,44.478365,342023194.600000,,
BATTERY,7,44.478365,342023194.600000,,
BATTERY,7,44.478185,342023579.600000,,
BATTERY,7,44.477876,342025499.600000,,
BATTERY,7,44.476420,342028347.600000,,
BATTERY,7,44.476420,342028347.600000,,
BATTERY,7,44.476240,342028732.600000,,
BATTERY,7,44.474575,342039067.600000,,
BATTERY,7,44.473120,342041915.600000,,
BATTERY,7,44.473120,342041915.600000,,
BATTERY,7,44.472940,342042300.600000,,
BATTERY,7,44.317556,343006753.000000,,
BATTERY,7,44.316100,343009601.000000,,
BATTERY,7,44.316100,343009601.000000,,
BATTERY,7,44.315921,343009986.000000,,
BATTERY,7,44.154196,344013793.000000,,
BATTERY,7,44.152741,344016641.000000,,
BATTERY,7,44.152741,344016641.000000,,
BATTERY,7,44.152561,344017026.000000,,
BATTERY,7,43.990867,345020641.000000,,
BATTERY,7,43.989412,345023489.000000,,
BATTERY,7,43.989412,345023489.000000,,
BATTERY,7,43.989232,345023874.000000,,
BATTERY,7,43.829430,346015746.000000,,
BATTERY,7,43.827975,346018594.000000,,
BATTERY,7,43.827975,346018594.000000,,
BATTERY,7,43.827795,346018979.000000,,
BATTERY,7,43.669015,347004513.000000,,
BATTERY,7,43.667559,347007361.000000,,
BATTERY,7,43.667559,347007361.000000,,
BATTERY,7,43.667379,347007746.000000,,
BATTERY,7,43.504552,348018401.000000,,
BATTERY,7,43.503096,348021249.000000,,
BATTERY,7,43.503096,348021249.000000,,
BATTERY,7,43.502916,348021634.000000,,
BATTERY,7,43.341829,349021485.800000,,
BATTERY,7,43.340373,349024333.800000,,
BATTERY,7,43.340373,349024333.800000,,
BATTERY,7,43.340194,349024718.800000,,
BATTERY,7,43.180734,350014466.000000,,
BATTERY,7,43.179279,350017314.000000,,
BATTERY,7,43.179279,350017314.000000,,
BATTERY,7,43.179099,350017699.000000,,
BATTERY,7,43.018308,351015713.000000,,
BATTERY,7,43.016852,351018561.000000,,
BATTERY,7,43.016852,351018561.000000,,
BATTERY,7,43.016673,351018946.000000,,
BATTERY,7,42.855722,352017953.000000,,
BATTERY,7,42.854266,352020801.000000,,
BATTERY,7,42.854266,352020801.000000,,
BATTERY,7,42.854086,352021186.000000,,
BATTERY,7,42.693380,353018669.800000,,
BATTERY,7,42.691925,353021517.800000,,
BATTERY,7,42.691925,353021517.800000,,
BATTERY,7,42.691745,353021902.800000,,
BATTERY,7,42.531760,354014914.000000,,
BATTERY,7,42.530304,354017762.000000,,
BATTERY,7,42.530304,354017762.000000,,
BATTERY,7,42.530125,354018147.000000,,
BATTERY,7,42.369497,355015149.800000,,
BATTERY,7,42.368041,355017997.800000,,
BATTERY,7,42.368041,355017997.800000,,
BATTERY,7,42.367861,355018382.800000,,
BATTERY,7,42.208727,356006113.000000,,
BATTERY,7,42.207271,356008961.000000,,
BATTERY,7,42.207271,356008961.000000,,
BATTERY,7,42.207092,356009346.000000,,
BATTERY,7,42.044117,357020909.800000,,
BATTERY,7,42.042662,357023757.800000,,
BATTERY,7,42.042662,357023757.800000,,
BATTERY,7,42.042482,357024142.800000,,
BATTERY,7,41.884534,358004513.000000,,
BATTERY,7,41.883078,358007361.000000,,
BATTERY,7,41.883078,358007361.000000,,
BATTERY,7,41.882898,358007746.000000,,
BATTERY,7,41.721689,359008353.000000,,
BATTERY,7,41.720234,359011201.000000,,
BATTERY,7,41.720234,359011201.000000,,
BATTERY,7,41.720054,359011586.000000,,
BATTERY,7,41.557917,360017953.000000,,
BATTERY,7,41.556461,360020801.000000,,
BATTERY,7,41.556461,360020801.000000,,
BATTERY,7,41.556282,360021186.000000,,
BATTERY,7,41.395944,361016386.000000,,
BATTERY,7,41.394488,361019234.000000,,
BATTERY,7,41.394488,361019234.000000,,
BATTERY,7,41.394309,361019619.000000,,
BATTERY,7,41.235322,362006433.000000,,
BATTERY,7,41.233866,362009281.000000,,
BATTERY,7,41.233866,362009281.000000,,
BATTERY,7,41.233687,362009666.000000,,
BATTERY,7,41.073406,363004513.000000,,
BATTERY,7,41.071950,363007361.000000,,
BATTERY,7,41.071950,363007361.000000,,
BATTERY,7,41.071771,363007746.000000,,
BATTERY,7,40.911129,364004833.000000,,
BATTERY,7,40.909673,364007681.000000,,
BATTERY,7,40.909673,364007681.000000,,
BATTERY,7,40.909493,364008066.000000,,
BATTERY,7,40.747666,365012513.000000,,
BATTERY,7,40.746210,365015361.000000,,
BATTERY,7,40.746210,365015361.000000,,
BATTERY,7,40.746031,365015746.000000,,
BATTERY,7,40.585368,366012961.000000,,
BATTERY,7,40.583912,366015809.000000,,
BATTERY,7,40.583912,366015809.000000,,
BATTERY,7,40.583733,366016194.000000,,
BATTERY,7,40.422468,367017146.600000,,
BATTERY,7,40.421013,367019994.600000,,
BATTERY,7,40.421013,367019994.600000,,
BATTERY,7,40.420833,367020379.600000,,
BATTERY,7,40.261183,368011309.800000,,
BATTERY,7,40.259727,368014157.800000,,
BATTERY,7,40.259727,368014157.800000,,
BATTERY,7,40.259548,368014542.800000,,
BATTERY,7,40.099692,369006753.000000,,
BATTERY,7,40.098236,369009601.000000,,
BATTERY,7,40.098236,369009601.000000,,
BATTERY,7,40.098056,369009986.000000,,
BATTERY,7,39.935520,370018830.800000,,
BATTERY,7,39.934065,370021678.800000,,
BATTERY,7,39.934065,370021678.800000,,
BATTERY,7,39.933885,370022063.800000,,
BATTERY,7,39.773681,371016429.800000,,
BATTERY,7,39.772226,371019277.800000,,
BATTERY,7,39.772226,371019277.800000,,
BATTERY,7,39.772046,371019662.800000,,
BATTERY,7,39.612242,372011553.000000,,
BATTERY,7,39.610786,372014401.000000,,
BATTERY,7,39.610786,372014401.000000,,
BATTERY,7,39.610606,372014786.000000,,
BATTERY,7,39.449289,373016066.000000,,
BATTERY,7,39.447833,373018914.000000,,
BATTERY,7,39.447833,373018914.000000,,
BATTERY,7,39.447654,373019299.000000,,
BATTERY,7,39.287160,374015469.800000,,
BATTERY,7,39.285704,374018317.800000,,
BATTERY,7,39.285704,374018317.800000,,
BATTERY,7,39.285524,374018702.800000,,
BATTERY,7,39.124922,375015546.600000,,
BATTERY,7,39.123466,375018394.600000,,
BATTERY,7,39.123466,375018394.600000,,
BATTERY,7,39.123286,375018779.600000,,
BATTERY,7,38.962463,376016993.000000,,
BATTERY,7,38.961007,376019841.000000,,
BATTERY,7,38.961007,376019841.000000,,
BATTERY,7,38.960828,376020226.000000,,
BATTERY,7,38.800462,377015597.800000,,
BATTERY,7,38.799007,377018445.800000,,
BATTERY,7,38.799007,377018445.800000,,
BATTERY,7,38.798827,377018830.800000,,
BATTERY,7,38.637582,378019662.800000,,
BATTERY,7,38.636126,378022510.800000,,
BATTERY,7,38.636126,378022510.800000,,
BATTERY,7,38.635946,378022895.800000,,
BATTERY,7,38.476297,379013826.000000,,
BATTERY,7,38.474841,379016674.000000,,
BATTERY,7,38.474841,379016674.000000,,
BATTERY,7,38.474661,379017059.000000,,
BATTERY,7,38.313303,380018593.000000,,
BATTERY,7,38.311847,380021441.000000,,
BATTERY,7,38.311847,380021441.000000,,
BATTERY,7,38.311668,380021826.000000,,
BATTERY,7,38.152212,381011553.000000,,
BATTERY,7,38.150756,381014401.000000,,
BATTERY,7,38.150756,381014401.000000,,
BATTERY,7,38.150576,381014786.000000,,
BATTERY,7,37.990450,382008673.000000,,
BATTERY,7,37.988994,382011521.000000,,
BATTERY,7,37.988994,382011521.000000,,
BATTERY,7,37.988815,382011906.000000,,
BATTERY,7,37.828183,383008929.000000,,
BATTERY,7,37.826728,383011777.000000,,
BATTERY,7,37.826728,383011777.000000,,
BATTERY,7,37.826548,383012162.000000,,
BATTERY,7,37.665788,384009986.000000,,
BATTERY,7,37.664332,384012834.000000,,
BATTERY,7,37.664332,384012834.000000,,
BATTERY,7,37.664152,384013219.000000,,
BATTERY,7,37.663946,384014499.000000,,
BATTERY,7,37.662490,384017347.000000,,
BATTERY,7,37.662490,384017347.000000,,
BATTERY,7,37.662311,384017732.000000,,
BATTERY,7,37.502247,385011233.000000,,
BATTERY,7,37.500791,385014081.000000,,
BATTERY,7,37.500791,385014081.000000,,
BATTERY,7,37.500611,385014466.000000,,
BATTERY,7,37.337398,386027514.600000,,
BATTERY,7,37.335942,386030362.600000,,
BATTERY,7,37.335942,386030362.600000,,
BATTERY,7,37.335763,386030747.600000,,
BATTERY,7,37.177202,387014914.000000,,
BATTERY,7,37.175747,387017762.000000,,
BATTERY,7,37.175747,387017762.000000,,
BATTERY,7,37.175567,387018147.000000,,
BATTERY,7,37.014681,388016749.800000,,
BATTERY,7,37.013225,388019597.800000,,
BATTERY,7,37.013225,388019597.800000,,
BATTERY,7,37.013046,388019982.800000,,
BATTERY,7,36.854066,389006753.000000,,
BATTERY,7,36.852611,389009601.000000,,
BATTERY,7,36.852611,389009601.000000,,
BATTERY,7,36.852431,389009986.000000,,
BATTERY,7,36.690526,390014914.000000,,
BATTERY,7,36.689070,390017762.000000,,
BATTERY,7,36.689070,390017762.000000,,
BATTERY,7,36.688890,390018147.000000,,
BATTERY,7,36.526767,391024429.800000,,
BATTERY,7,36.525312,391027277.800000,,
BATTERY,7,36.525312,391027277.800000,,
BATTERY,7,36.525132,391027662.800000,,
BATTERY,7,36.365688,392017313.000000,,
BATTERY,7,36.364233,392020161.000000,,
BATTERY,7,36.364233,392020161.000000,,
BATTERY,7,36.364053,392020546.000000,,
BATTERY,7,36.203102,393019553.000000,,
BATTERY,7,36.201646,393022401.000000,,
BATTERY,7,36.201646,393022401.000000,,
BATTERY,7,36.201466,393022786.000000,,
BATTERY,7,36.043248,394004833.000000,,
BATTERY,7,36.041792,394007681.000000,,
BATTERY,7,36.041792,394007681.000000,,
BATTERY,7,36.041612,394008066.000000,,
BATTERY,7,35.880661,395007073.000000,,
BATTERY,7,35.879206,395009921.000000,,
BATTERY,7,35.879206,395009921.000000,,
BATTERY,7,35.879026,395010306.000000,,
BATTERY,7,35.717451,396013186.000000,,
BATTERY,7,35.715995,396016034.000000,,
BATTERY,7,35.715995,396016034.000000,,
BATTERY,7,35.715816,396016419.000000,,
BATTERY,7,35.555488,397011553.000000,,
BATTERY,7,35.554033,397014401.000000,,
BATTERY,7,35.554033,397014401.000000,,
BATTERY,7,35.553853,397014786.000000,,
BATTERY,7,35.394139,398006113.000000,,
BATTERY,7,35.392684,398008961.000000,,
BATTERY,7,35.392684,398008961.000000,,
BATTERY,7,35.392504,398009346.000000,,
BATTERY,7,35.232068,399005153.000000,,
BATTERY,7,35.230613,399008001.000000,,
BATTERY,7,35.230613,399008001.000000,,
BATTERY,7,35.230433,399008386.000000,,
BATTERY,7,35.067756,400018106.600000,,
BATTERY,7,35.066300,400020954.600000,,
BATTERY,7,35.066300,400020954.600000,,
BATTERY,7,35.066121,400021339.600000,,
BATTERY,7,34.905911,401015746.000000,,
BATTERY,7,34.904455,401018594.000000,,
BATTERY,7,34.904455,401018594.000000,,
BATTERY,7,34.904275,401018979.000000,,
BATTERY,7,34.744046,402013506.000000,,
BATTERY,7,34.742590,402016354.000000,,
BATTERY,7,34.742590,402016354.000000,,
BATTERY,7,34.742411,402016739.000000,,
BATTERY,7,34.582857,403007073.000000,,
BATTERY,7,34.581401,403009921.000000,,
BATTERY,7,34.581401,403009921.000000,,
BATTERY,7,34.581222,403010306.000000,,
BATTERY,7,34.419234,404015746.000000,,
BATTERY,7,34.417778,404018594.000000,,
BATTERY,7,34.417778,404018594.000000,,
BATTERY,7,34.417599,404018979.000000,,
BATTERY,7,34.258406,405007073.000000,,
BATTERY,7,34.256950,405009921.000000,,
BATTERY,7,34.256950,405009921.000000,,
BATTERY,7,34.256771,405010306.000000,,
BATTERY,7,34.094201,406019361.000000,,
BATTERY,7,34.092745,406022209.000000,,
BATTERY,7,34.092745,406022209.000000,,
BATTERY,7,34.092565,406022594.000000,,
BATTERY,7,33.932609,407015426.000000,,
BATTERY,7,33.931153,407018274.000000,,
BATTERY,7,33.931153,407018274.000000,,
BATTERY,7,33.930974,407018659.000000,,
BATTERY,7,33.770538,408014466.000000,,
BATTERY,7,33.769082,408017314.000000,,
BATTERY,7,33.769082,408017314.000000,,
BATTERY,7,33.768903,408017699.000000,,
BATTERY,7,33.607215,409021281.000000,,
BATTERY,7,33.605759,409024129.000000,,
BATTERY,7,33.605759,409024129.000000,,
BATTERY,7,33.605579,409024514.000000,,
BATTERY,7,33.445616,410017389.800000,,
BATTERY,7,33.444160,410020237.800000,,
BATTERY,7,33.444160,410020237.800000,,
BATTERY,7,33.443981,410020622.800000,,
BATTERY,7,33.285362,411005153.000000,,
BATTERY,7,33.283906,411008001.000000,,
BATTERY,7,33.283906,411008001.000000,,
BATTERY,7,33.283727,411008386.000000,,
BATTERY,7,33.122157,412011233.000000,,
BATTERY,7,33.120701,412014081.000000,,
BATTERY,7,33.120701,412014081.000000,,
BATTERY,7,33.120521,412014466.000000,,
BATTERY,7,32.960962,413004833.000000,,
BATTERY,7,32.959507,413007681.000000,,
BATTERY,7,32.959507,413007681.000000,,
BATTERY,7,32.959327,413008066.000000,,
BATTERY,7,32.797539,414012269.800000,,
BATTERY,7,32.796083,414015117.800000,,
BATTERY,7,32.796083,414015117.800000,,
BATTERY,7,32.795903,414015502.800000,,
BATTERY,7,32.633643,415022637.800000,,
BATTERY,7,32.632187,415025485.800000,,
BATTERY,7,32.632187,415025485.800000,,
BATTERY,7,32.632007,415025870.800000,,
BATTERY,7,32.471708,416020833.000000,,
BATTERY,7,32.470252,416023681.000000,,
BATTERY,7,32.470252,416023681.000000,,
BATTERY,7,32.470073,416024066.000000,,
BATTERY,7,32.309998,417017633.000000,,
BATTERY,7,32.308542,417020481.000000,,
BATTERY,7,32.308542,417020481.000000,,
BATTERY,7,32.308363,417020866.000000,,
BATTERY,7,32.149783,418005153.000000,,
BATTERY,7,32.148327,418008001.000000,,
BATTERY,7,32.148327,418008001.000000,,
BATTERY,7,32.148148,418008386.000000,,
BATTERY,7,31.986109,419014146.000000,,
BATTERY,7,31.984653,419016994.000000,,
BATTERY,7,31.984653,419016994.000000,,
BATTERY,7,31.984473,419017379.000000,,
BATTERY,7,31.823677,420015426.000000,,
BATTERY,7,31.822221,420018274.000000,,
BATTERY,7,31.822221,420018274.000000,,
BATTERY,7,31.822042,420018659.000000,,
BATTERY,7,31.662024,421011873.000000,,
BATTERY,7,31.660568,421014721.000000,,
BATTERY,7,31.660568,421014721.000000,,
BATTERY,7,31.660388,421015106.000000,,
BATTERY,7,31.499322,422014829.800000,,
BATTERY,7,31.497866,422017677.800000,,
BATTERY,7,31.497866,422017677.800000,,
BATTERY,7,31.497686,422018062.800000,,
BATTERY,7,31.336897,423016066.000000,,
BATTERY,7,31.335441,423018914.000000,,
BATTERY,7,31.335441,423018914.000000,,
BATTERY,7,31.335262,423019299.000000,,
BATTERY,7,31.175553,424010593.000000,,
BATTERY,7,31.174098,424013441.000000,,
BATTERY,7,31.174098,424013441.000000,,
BATTERY,7,31.173918,424013826.000000,,
BATTERY,7,31.012704,425014466.000000,,
BATTERY,7,31.011248,425017314.000000,,
BATTERY,7,31.011248,425017314.000000,,
BATTERY,7,31.011068,425017699.000000,,
BATTERY,7,30.851824,426006113.000000,,
BATTERY,7,30.850368,426008961.000000,,
BATTERY,7,30.850368,426008961.000000,,
BATTERY,7,30.850189,426009346.000000,,
BATTERY,7,30.688026,427015874.000000,,
BATTERY,7,30.686570,427018722.000000,,
BATTERY,7,30.686570,427018722.000000,,
BATTERY,7,30.686390,427019107.000000,,
BATTERY,7,30.526445,428011873.000000,,
BATTERY,7,30.524989,428014721.000000,,
BATTERY,7,30.524989,428014721.000000,,
BATTERY,7,30.524810,428015106.000000,,
BATTERY,7,30.363446,429016673.000000,,
BATTERY,7,30.361990,429019521.000000,,
BATTERY,7,30.361990,429019521.000000,,
BATTERY,7,30.361811,429019906.000000,,
BATTERY,7,30.203076,430005153.000000,,
BATTERY,7,30.201621,430008001.000000,,
BATTERY,7,30.201621,430008001.000000,,
BATTERY,7,30.201441,430008386.000000,,
BATTERY,7,30.039614,431012833.000000,,
BATTERY,7,30.038158,431015681.000000,,
BATTERY,7,30.038158,431015681.000000,,
BATTERY,7,30.037978,431016066.000000,,
BATTERY,7,29.877646,432011233.000000,,
BATTERY,7,29.876190,432014081.000000,,
BATTERY,7,29.876190,432014081.000000,,
BATTERY,7,29.876010,432014466.000000,,
BATTERY,7,29.714853,433014753.000000,,
BATTERY,7,29.713397,433017601.000000,,
BATTERY,7,29.713397,433017601.000000,,
BATTERY,7,29.713218,433017986.000000,,
BATTERY,7,29.551854,434019553.000000,,
BATTERY,7,29.550399,434022401.000000,,
BATTERY,7,29.550399,434022401.000000,,
BATTERY,7,29.550219,434022786.000000,,
BATTERY,7,29.390093,435016673.000000,,
BATTERY,7,29.388637,435019521.000000,,
BATTERY,7,29.388637,435019521.000000,,
BATTERY,7,29.388457,435019906.000000,,
BATTERY,7,29.229620,436005793.000000,,
BATTERY,7,29.228164,436008641.000000,,
BATTERY,7,29.228164,436008641.000000,,
BATTERY,7,29.227985,436009026.000000,,
BATTERY,7,29.065739,437016066.000000,,
BATTERY,7,29.064284,437018914.000000,,
BATTERY,7,29.064284,437018914.000000,,
BATTERY,7,29.064104,437019299.000000,,
BATTERY,7,28.904767,438008289.000000,,
BATTERY,7,28.903311,438011137.000000,,
BATTERY,7,28.903311,438011137.000000,,
BATTERY,7,28.903131,438011522.000000,,
BATTERY,7,28.898702,438039016.400000,,
BATTERY,7,28.897246,438041864.400000,,
BATTERY,7,28.897246,438041864.400000,,
BATTERY,7,28.897066,438042249.400000,,
BATTERY,7,28.740076,439016673.000000,,
BATTERY,7,28.738620,439019521.000000,,
BATTERY,7,28.738620,439019521.000000,,
BATTERY,7,28.738441,439019906.000000,,
BATTERY,7,28.579500,440006433.000000,,
BATTERY,7,28.578045,440009281.000000,,
BATTERY,7,28.578045,440009281.000000,,
BATTERY,7,28.577865,440009666.000000,,
BATTERY,7,28.417378,441005793.000000,,
BATTERY,7,28.415922,441008641.000000,,
BATTERY,7,28.415922,441008641.000000,,
BATTERY,7,28.415743,441009026.000000,,
BATTERY,7,28.253394,442016706.000000,,
BATTERY,7,28.251938,442019554.000000,,
BATTERY,7,28.251938,442019554.000000,,
BATTERY,7,28.251759,442019939.000000,,
BATTERY,7,28.092720,443007073.000000,,
BATTERY,7,28.091265,443009921.000000,,
BATTERY,7,28.091265,443009921.000000,,
BATTERY,7,28.091085,443010306.000000,,
BATTERY,7,27.929979,444010273.000000,,
BATTERY,7,27.928524,444013121.000000,,
BATTERY,7,27.928524,444013121.000000,,
BATTERY,7,27.928344,444013506.000000,,
BATTERY,7,27.767445,445012193.000000,,
BATTERY,7,27.765989,445015041.000000,,
BATTERY,7,27.765989,445015041.000000,,
BATTERY,7,27.765809,445015426.000000,,
BATTERY,7,27.606095,446006753.000000,,
BATTERY,7,27.604640,446009601.000000,,
BATTERY,7,27.604640,446009601.000000,,
BATTERY,7,27.604460,446009986.000000,,
BATTERY,7,27.441962,447018593.000000,,
BATTERY,7,27.440507,447021441.000000,,
BATTERY,7,27.440507,447021441.000000,,
BATTERY,7,27.440327,447021826.000000,,
BATTERY,7,27.281851,448005473.000000,,
BATTERY,7,27.280395,448008321.000000,,
BATTERY,7,27.280395,448008321.000000,,
BATTERY,7,27.280215,448008706.000000,,
BATTERY,7,27.118685,449011309.800000,,
BATTERY,7,27.117229,449014157.800000,,
BATTERY,7,27.117229,449014157.800000,,
BATTERY,7,27.117049,449014542.800000,,
BATTERY,7,26.956420,450011553.000000,,
BATTERY,7,26.954964,450014401.000000,,
BATTERY,7,26.954964,450014401.000000,,
BATTERY,7,26.954785,450014786.000000,,
BATTERY,7,26.791965,451025389.800000,,
BATTERY,7,26.790509,451028237.800000,,
BATTERY,7,26.790509,451028237.800000,,
BATTERY,7,26.790330,451028622.800000,,
BATTERY,7,26.632691,452007073.000000,,
BATTERY,7,26.631235,452009921.000000,,
BATTERY,7,26.631235,452009921.000000,,
BATTERY,7,26.631055,452010306.000000,,
BATTERY,7,26.468557,453018913.000000,,
BATTERY,7,26.467102,453021761.000000,,
BATTERY,7,26.467102,453021761.000000,,
BATTERY,7,26.466922,453022146.000000,,
BATTERY,7,26.305919,454021473.000000,,
BATTERY,7,26.304464,454024321.000000,,
BATTERY,7,26.304464,454024321.000000,,
BATTERY,7,26.304284,454024706.000000,,
BATTERY,7,26.145705,455008993.000000,,
BATTERY,7,26.144249,455011841.000000,,
BATTERY,7,26.144249,455011841.000000,,
BATTERY,7,26.144069,455012226.000000,,
BATTERY,7,25.983170,456010913.000000,,
BATTERY,7,25.981714,456013761.000000,,
BATTERY,7,25.981714,456013761.000000,,
BATTERY,7,25.981534,456014146.000000,,
BATTERY,7,25.821769,457005793.000000,,
BATTERY,7,25.820313,457008641.000000,,
BATTERY,7,25.820313,457008641.000000,,
BATTERY,7,25.820134,457009026.000000,,
BATTERY,7,25.657662,458017474.000000,,
BATTERY,7,25.656206,458020322.000000,,
BATTERY,7,25.656206,458020322.000000,,
BATTERY,7,25.656026,458020707.000000,,
BATTERY,7,25.495256,459018593.000000,,
BATTERY,7,25.493800,459021441.000000,,
BATTERY,7,25.493800,459021441.000000,,
BATTERY,7,25.493620,459021826.000000,,
BATTERY,7,25.335195,460005153.000000,,
BATTERY,7,25.333740,460008001.000000,,
BATTERY,7,25.333740,460008001.000000,,
BATTERY,7,25.333560,460008386.000000,,
BATTERY,7,25.171191,461016194.000000,,
BATTERY,7,25.169735,461019042.000000,,
BATTERY,7,25.169735,461019042.000000,,
BATTERY,7,25.169556,461019427.000000,,
BATTERY,7,25.008899,462016609.000000,,
BATTERY,7,25.007443,462019457.000000,,
BATTERY,7,25.007443,462019457.000000,,
BATTERY,7,25.007263,462019842.000000,,
BATTERY,7,24.847436,463011873.000000,,
BATTERY,7,24.845981,463014721.000000,,
BATTERY,7,24.845981,463014721.000000,,
BATTERY,7,24.845801,463015106.000000,,
BATTERY,7,24.684301,464017517.800000,,
BATTERY,7,24.682846,464020365.800000,,
BATTERY,7,24.682846,464020365.800000,,
BATTERY,7,24.682666,464020750.800000,,
BATTERY,7,24.522340,465015874.000000,,
BATTERY,7,24.520885,465018722.000000,,
BATTERY,7,24.520885,465018722.000000,,
BATTERY,7,24.520705,465019107.000000,,
BATTERY,7,24.361048,466010081.000000,,
BATTERY,7,24.359593,466012929.000000,,
BATTERY,7,24.359593,466012929.000000,,
BATTERY,7,24.359413,466013314.000000,,
BATTERY,7,24.199514,467005793.000000,,
BATTERY,7,24.198058,467008641.000000,,
BATTERY,7,24.198058,467008641.000000,,
BATTERY,7,24.197878,467009026.000000,,
BATTERY,7,24.037185,468006433.000000,,
BATTERY,7,24.035729,468009281.000000,,
BATTERY,7,24.035729,468009281.000000,,
BATTERY,7,24.035550,468009666.000000,,
BATTERY,7,23.874134,469011553.000000,,
BATTERY,7,23.872679,469014401.000000,,
BATTERY,7,23.872679,469014401.000000,,
BATTERY,7,23.872499,469014786.000000,,
BATTERY,7,23.712528,470007713.000000,,
BATTERY,7,23.711072,470010561.000000,,
BATTERY,7,23.711072,470010561.000000,,
BATTERY,7,23.710892,470010946.000000,,
BATTERY,7,23.549838,471010593.000000,,
BATTERY,7,23.548382,471013441.000000,,
BATTERY,7,23.548382,471013441.000000,,
BATTERY,7,23.548203,471013826.000000,,
BATTERY,7,23.387932,472008609.000000,,
BATTERY,7,23.386476,472011457.000000,,
BATTERY,7,23.386476,472011457.000000,,
BATTERY,7,23.386297,472011842.000000,,
BATTERY,7,23.223933,473019619.000000,,
BATTERY,7,23.222477,473022467.000000,,
BATTERY,7,23.222477,473022467.000000,,
BATTERY,7,23.222297,473022852.000000,,
BATTERY,7,23.222246,473023172.000000,,
BATTERY,7,23.220790,473026020.000000,,
BATTERY,7,23.220790,473026020.000000,,
BATTERY,7,23.220611,473026405.000000,,
BATTERY,7,23.062872,474005473.000000,,
BATTERY,7,23.061416,474008321.000000,,
BATTERY,7,23.061416,474008321.000000,,
BATTERY,7,23.061236,474008706.000000,,
BATTERY,7,22.898198,475020666.600000,,
BATTERY,7,22.896743,475023514.600000,,
BATTERY,7,22.896743,475023514.600000,,
BATTERY,7,22.896563,475023899.600000,,
BATTERY,7,22.896357,475025179.600000,,
BATTERY,7,22.894901,475028027.600000,,
BATTERY,7,22.894901,475028027.600000,,
BATTERY,7,22.894722,475028412.600000,,
BATTERY,7,22.735806,476014786.000000,,
BATTERY,7,22.734350,476017634.000000,,
BATTERY,7,22.734350,476017634.000000,,
BATTERY,7,22.734171,476018019.000000,,
BATTERY,7,22.574874,477006753.000000,,
BATTERY,7,22.573419,477009601.000000,,
BATTERY,7,22.573419,477009601.000000,,
BATTERY,7,22.573239,477009986.000000,,
BATTERY,7,22.412288,478008993.000000,,
BATTERY,7,22.410832,478011841.000000,,
BATTERY,7,22.410832,478011841.000000,,
BATTERY,7,22.410653,478012226.000000,,
BATTERY,7,22.249959,479009633.000000,,
BATTERY,7,22.248504,479012481.000000,,
BATTERY,7,22.248504,479012481.000000,,
BATTERY,7,22.248324,479012866.000000,,
BATTERY,7,22.086115,480019681.000000,,
BATTERY,7,22.084659,480022529.000000,,
BATTERY,7,22.084659,480022529.000000,,
BATTERY,7,22.084480,480022914.000000,,
BATTERY,7,21.924104,481018349.800000,,
BATTERY,7,21.922648,481021197.800000,,
BATTERY,7,21.922648,481021197.800000,,
BATTERY,7,21.922469,481021582.800000,,
BATTERY,7,21.922365,481022222.800000,,
BATTERY,7,21.920910,481025070.800000,,
BATTERY,7,21.920910,481025070.800000,,
BATTERY,7,21.920730,481025455.800000,,
BATTERY,7,21.760807,482018081.000000,,
BATTERY,7,21.759352,482020929.000000,,
BATTERY,7,21.759352,482020929.000000,,
BATTERY,7,21.759172,482021314.000000,,
BATTERY,7,21.598994,483015521.000000,,
BATTERY,7,21.597538,483018369.000000,,
BATTERY,7,21.597538,483018369.000000,,
BATTERY,7,21.597359,483018754.000000,,
BATTERY,7,21.437181,484012961.000000,,
BATTERY,7,21.435725,484015809.000000,,
BATTERY,7,21.435725,484015809.000000,,
BATTERY,7,21.435546,484016194.000000,,
BATTERY,7,21.273584,485021473.000000,,
BATTERY,7,21.272128,485024321.000000,,
BATTERY,7,21.272128,485024321.000000,,
BATTERY,7,21.271949,485024706.000000,,
BATTERY,7,21.112287,486015713.000000,,
BATTERY,7,21.110831,486018561.000000,,
BATTERY,7,21.110831,486018561.000000,,
BATTERY,7,21.110651,486018946.000000,,
BATTERY,7,20.950865,487010721.000000,,
BATTERY,7,20.949410,487013569.000000,,
BATTERY,7,20.949410,487013569.000000,,
BATTERY,7,20.949230,487013954.000000,,
BATTERY,7,20.787629,488016993.000000,,
BATTERY,7,20.786174,488019841.000000,,
BATTERY,7,20.786174,488019841.000000,,
BATTERY,7,20.785994,488020226.000000,,
BATTERY,7,20.627260,489005473.000000,,
BATTERY,7,20.625804,489008321.000000,,
BATTERY,7,20.625804,489008321.000000,,
BATTERY,7,20.625624,489008706.000000,,
BATTERY,7,20.465086,490005153.000000,,
BATTERY,7,20.463630,490008001.000000,,
BATTERY,7,20.463630,490008001.000000,,
BATTERY,7,20.463450,490008386.000000,,
BATTERY,7,20.302138,491009633.000000,,
BATTERY,7,20.300683,491012481.000000,,
BATTERY,7,20.300683,491012481.000000,,
BATTERY,7,20.300503,491012866.000000,,
BATTERY,7,20.139237,492013826.000000,,
BATTERY,7,20.137782,492016674.000000,,
BATTERY,7,20.137782,492016674.000000,,
BATTERY,7,20.137602,492017059.000000,,
BATTERY,7,19.976398,493017633.000000,,
BATTERY,7,19.974943,493020481.000000,,
BATTERY,7,19.974943,493020481.000000,,
BATTERY,7,19.974763,493020866.000000,,
BATTERY,7,19.815132,494011681.000000,,
BATTERY,7,19.813676,494014529.000000,,
BATTERY,7,19.813676,494014529.000000,,
BATTERY,7,19.813496,494014914.000000,,
BATTERY,7,19.651205,495022241.000000,,
BATTERY,7,19.649749,495025089.000000,,
BATTERY,7,19.649749,495025089.000000,,
BATTERY,7,19.649570,495025474.000000,,
BATTERY,7,19.489309,496020193.000000,,
BATTERY,7,19.487854,496023041.000000,,
BATTERY,7,19.487854,496023041.000000,,
BATTERY,7,19.487674,496023426.000000,,
BATTERY,7,19.329197,497007073.000000,,
BATTERY,7,19.327742,497009921.000000,,
BATTERY,7,19.327742,497009921.000000,,
BATTERY,7,19.327562,497010306.000000,,
BATTERY,7,19.165420,498016706.000000,,
BATTERY,7,19.163964,498019554.000000,,
BATTERY,7,19.163964,498019554.000000,,
BATTERY,7,19.163785,498019939.000000,,
BATTERY,7,19.004489,499008673.000000,,
BATTERY,7,19.003033,499011521.000000,,
BATTERY,7,19.003033,499011521.000000,,
BATTERY,7,19.002853,499011906.000000,,
BATTERY,7,19.000351,499027437.800000,,
